1620112900682 0.0 0
1620112900749 0.0 1
1620112900749 0.0 2
1620112900799 0.0 3
1620112900814 0.0 4
1620112900815 0.0 5
1620112900849 0.0 6
1620112900883 0.0 7
1620112900893 0.0 8
1620112900934 0.0 9
1620112901015 0.0 10
1620112901026 0.0 11
1620112901066 0.0 12
1620112901085 0.0 13
1620112901117 0.0 14
1620112901135 0.0 15
1620112901158 0.0 16
1620112901237 0.0 17
1620112901248 0.0 18
1620112901284 0.0 19
1620112901337 0.0 20
1620112901359 0.0 21
1620112901380 0.0 22
1620112901390 0.0 23
1620112901419 0.0 24
1620112901441 0.0 25
1620112901480 0.0 26
1620112901510 0.0 27
1620112901543 0.0 28
1620112901624 0.0 29
1620112901662 0.0 30
1620112901673 0.0 31
1620112901685 0.0 32
1620112901725 0.0 33
1620112901756 0.0 34
1620112901794 0.0 35
1620112901807 0.0 36
1620112901827 0.0 37
1620112901837 0.0 38
1620112901877 0.0 39
1620112901888 0.0 40
1620112901898 0.0 41
1620112901932 0.0 42
1620112901938 0.0 43
1620112901957 0.0 44
1620112901977 0.0 45
1620112902020 0.0 46
1620112902040 0.0 47
1620112902101 0.0 48
1620112902121 0.0 49
1620112902165 0.0 50
1620112902172 0.0 51
1620112902182 0.0 52
1620112902190 0.0 53
1620112902233 0.0 54
1620112902265 0.0 55
1620112902284 0.0 56
1620112902313 0.0 57
1620112903737 0.0 58
1620112903767 0.0 59
1620112903788 0.0 60
1620112903858 0.0 61
1620112903888 0.0 62
1620112903919 0.0 63
1620112903939 0.0 64
1620112903959 0.0 65
1620112904010 0.0 66
1620112904020 0.0 67
1620112904112 0.0 68
1620112904152 0.0 69
1620112904172 0.0 70
1620112904193 0.0 71
1620112904213 0.0 72
1620112904231 0.0 73
1620112904254 0.0 74
1620112904303 0.0 75
1620112904323 0.0 76
1620112904414 0.0 77
1620112904457 0.0 78
1620112904475 0.0 79
1620112904488 0.0 80
1620112904508 0.0 81
1620112904526 0.0 82
1620112904547 0.0 83
1620112904569 0.0 84
1620112904579 0.0 85
1620112904589 0.0 86
1620112904691 0.0 87
1620112904722 0.0 88
1620112904742 0.0 89
1620112904781 0.0 90
1620112904811 0.0 91
1620112904834 0.0 92
1620112904864 0.0 93
1620112904884 0.0 94
1620112904905 0.0 95
1620112905048 0.0 96
1620112905087 0.0 97
1620112905117 0.0 98
1620112905129 0.0 99
1620112905147 0.0 100
1620112905251 0.0 101
1620112905281 0.0 102
1620112906715 0.0 103
1620112906755 0.0 104
1620112906806 0.0 105
1620112906824 0.0 106
1620112906966 0.0 107
1620112907108 0.0 108
1620112907260 0.0 109
1620112907293 0.0 110
1620112907374 0.0 111
1620112907384 0.0 112
1620112907405 0.0 113
1620112907464 0.0 114
1620112907506 0.0 115
1620112907649 0.0 116
1620112907669 0.0 117
1620112907812 0.0 118
1620112907913 0.0 119
1620112907954 0.0 120
1620112908056 0.0 121
1620112909610 0.0 122
1620112909761 0.0 123
1620112909903 0.0 124
1620112910049 0.0 125
1620112910188 0.0 126
1620112910331 0.0 127
1620112910473 0.0 128
1620112910514 0.0 129
1620112910656 0.0 130
1620112910799 0.0 131
1620112910949 0.0 132
1620112912454 0.0 133
1620112912596 0.0 134
1620112912738 0.0 135
1620112912880 0.0 136
1620112913041 0.0 137
1620112913175 0.0 138
1620112913317 0.0 139
1620112913460 0.0 140
1620112913602 0.0 141
1620112914861 0.0 142
1620112916367 0.0 143
1620112916529 0.0 144
1620112916672 0.0 145
1620112916814 0.0 146
1620112916957 0.0 147
1620112917099 0.0 148
1620112917241 0.0 149
1620112917383 0.0 150
1620112917432 0.0 151
1620112917544 0.0 152
1620112917686 0.0 153
1620112919203 0.0 154
1620112919372 0.0 155
1620112919515 0.0 156
1620112919649 0.0 157
1620112919791 0.0 158
1620112919934 0.0 159
1620112920076 0.0 160
1620112920218 0.0 161
1620112920360 0.0 162
1620112920503 0.0 163
1620112922089 0.0 164
1620112922251 0.0 165
1620112922392 0.0 166
1620112922535 0.0 167
1620112922677 0.0 168
1620112922819 0.0 169
1620112922962 0.0 170
1620112923102 0.0 171
1620112923244 0.0 172
1620112923378 0.0 173
1620112923521 0.0 174
1620112925106 0.0 175
1620112925155 0.0 176
1620112925296 0.0 177
1620112925439 0.0 178
1620112925573 0.0 179
1620112925715 0.0 180
1620112925857 0.0 181
1620112925999 0.0 182
1620112926142 0.0 183
1620112926284 0.0 184
1620112926426 0.0 185
1620112928079 0.0 186
1620112928221 0.0 187
1620112928363 0.0 188
1620112928508 0.0 189
1620112928630 0.0 190
1620112928772 0.0 191
1620112928803 0.0 192
1620112928945 0.0 193
1620112930154 0.0 194
1620112930294 0.0 195
1620112930446 0.0 196
1620112931944 0.0 197
1620112932093 0.0 198
1620112932235 0.0 199
1620112932380 0.0 200
1620112932522 0.0 201
1620112932664 0.0 202
1620112932806 0.0 203
1620112932947 0.0 204
1620112933020 0.0 205
1620112933162 0.0 206
1620112934596 0.0 207
1620112934748 0.0 208
1620112934889 0.0 209
1620112935032 0.0 210
1620112935174 0.0 211
1620112935316 0.0 212
1620112935459 0.0 213
1620112935601 0.0 214
1620112935743 0.0 215
1620112935883 0.0 216
1620112936018 0.0 217
1620112937604 0.0 218
1620112937776 0.0 219
1620112937931 0.0 220
1620112938096 0.0 221
1620112938252 0.0 222
1620112938402 0.0 223
1620112938557 0.0 224
1620112938697 0.0 225
1620112938912 0.0 226
1620112939099 0.0 227
1620112940733 0.0 228
1620112940887 0.0 229
1620112941032 0.0 230
1620112941171 0.0 231
1620112941313 0.0 232
1620112941456 0.0 233
1620112941598 0.0 234
1620112941740 0.0 235
1620112941883 0.0 236
1620112941964 0.0 237
1620112942106 0.0 238
1620112943609 0.0 239
1620112943763 0.0 240
1620112943903 0.0 241
1620112944045 0.0 242
1620112944188 0.0 243
1620112944334 0.0 244
1620112945544 0.0 245
1620112945689 0.0 246
1620112945832 0.0 247
1620112945973 0.0 248
1620112947487 0.0 249
1620112947629 0.0 250
1620112947771 0.0 251
1620112947913 0.0 252
1620112948053 0.0 253
1620112948197 0.0 254
1620112948349 0.0 255
1620112948491 0.0 256
1620112948532 0.0 257
1620112948674 0.0 258
1620112948816 0.0 259
1620112950429 0.0 260
1620112950571 0.0 261
1620112950715 0.0 262
1620112950856 0.0 263
1620112950999 0.0 264
1620112951140 0.0 265
1620112951282 0.0 266
1620112951423 0.0 267
1620112951565 0.0 268
1620112951707 0.0 269
1620112953284 0.0 270
1620112953435 0.0 271
1620112953578 0.0 272
1620112953724 0.0 273
1620112953901 0.0 274
1620112954054 0.0 275
1620112954215 0.0 276
1620112954372 0.0 277
1620112954523 0.0 278
1620112954665 0.0 279
1620112956365 0.0 280
1620112956525 0.0 281
1620112956673 0.0 282
1620112956818 0.0 283
1620112957010 0.0 284
1620112957173 0.0 285
1620112957396 0.0 286
1620112957595 0.0 287
1620112957777 0.0 288
1620112957955 0.0 289
1620112959584 0.0 290
1620112959783 0.0 291
1620112959932 0.0 292
1620112960074 0.0 293
1620112960217 0.0 294
1620112960360 0.0 295
1620112961831 0.0 296
1620112962229 0.0 297
1620112962513 0.0 298
1620112962781 0.0 299
1620112963012 0.0 300
1620112965471 0.0 301
1620112965615 0.0 302
1620112965782 0.0 303
1620112965932 0.0 304
1620112966065 0.0 305
1620112966221 0.0 306
1620112966364 0.0 307
1620112966500 0.0 308
1620112966642 0.0 309
1620112966792 0.0 310
1620112968479 0.0 311
1620112968649 0.0 312
1620112968786 0.0 313
1620112968939 0.0 314
1620112969082 0.0 315
1620112969225 0.0 316
1620112969407 0.0 317
1620112969582 0.0 318
1620112969815 0.0 319
1620112969965 0.0 320
1620112971626 0.0 321
1620112971815 0.0 322
1620112971972 0.0 323
1620112972115 0.0 324
1620112972257 0.0 325
1620112972420 0.0 326
1620112972561 0.0 327
1620112972704 0.0 328
1620112972794 0.0 329
1620112972937 0.0 330
1620112973079 0.0 331
1620112974678 0.0 332
1620112974829 0.0 333
1620112974982 0.0 334
1620112975015 0.0 335
1620112975182 0.0 336
1620112975383 0.0 337
1620112975532 0.0 338
1620112975678 0.0 339
1620112975824 0.0 340
1620112975965 0.0 341
1620112976040 0.0 342
1620112977658 0.0 343
1620112977799 0.0 344
1620112977809 0.0 345
1620112977951 0.0 346
1620112978094 0.0 347
1620112978199 0.0 348
1620112979452 0.0 349
1620112979608 0.0 350
1620112979756 0.0 351
1620112979766 0.0 352
1620112979849 0.0 353
1620112979990 0.0 354
1620112980019 0.0 355
1620112980162 0.0 356
1620112980225 0.0 357
1620112981963 0.0 358
1620112982076 0.0 359
1620112982228 0.0 360
1620112982371 0.0 361
1620112982517 0.0 362
1620112982655 0.0 363
1620112982747 0.0 364
1620112982888 0.0 365
1620112983031 0.0 366
1620112983173 0.0 367
1620112983254 0.0 368
1620112983396 0.0 369
1620112983417 0.0 370
1620112984882 0.0 371
1620112984911 0.0 372
1620112985064 0.0 373
1620112985206 0.0 374
1620112985308 0.0 375
1620112985358 0.0 376
1620112985408 0.0 377
1620112985451 0.0 378
1620112985593 0.0 379
1620112985624 0.0 380
1620112985732 0.0 381
1620112985763 0.0 382
1620112985849 0.0 383
1620112985922 0.0 384
1620112986015 0.0 385
1620112986082 0.0 386
1620112986149 0.0 387
1620112986315 0.0 388
1620112986333 0.0 389
1620112986449 0.0 390
1620112988489 0.0 391
1620112988519 0.0 392
1620112988701 0.0 393
1620112988741 0.0 394
1620112988892 0.0 395
1620112988949 0.0 396
1620112989096 0.0 397
1620112989128 0.0 398
1620112989187 0.0 399
1620112989199 0.0 400
1620112989311 0.0 401
1620112989382 0.0 402
1620112989516 0.0 403
1620112989555 0.0 404
1620112989698 0.0 405
1620112989718 0.0 406
1620112989838 0.0 407
1620112989850 0.0 408
1620112989965 0.0 409
1620112991880 0.0 410
1620112992182 0.0 411
1620112992230 0.0 412
1620112992364 0.0 413
1620112992564 0.0 414
1620112992715 0.0 415
1620112992863 0.0 416
1620112993005 0.0 417
1620112993149 0.0 418
1620112993289 0.0 419
1620112993421 0.0 420
1620112995280 0.0 421
1620112995483 0.0 422
1620112995626 0.0 423
1620112995772 0.0 424
1620112997247 0.0 425
1620112997479 0.0 426
1620112997632 0.0 427
1620112997782 0.0 428
1620112997929 0.0 429
1620112998073 0.0 430
1620112998215 0.0 431
1620112999894 0.0 432
1620113000049 0.0 433
1620113000068 0.0 434
1620113000220 0.0 435
1620113000365 0.0 436
1620113000504 0.0 437
1620113000649 0.0 438
1620113000790 0.0 439
1620113000932 0.0 440
1620113001074 0.0 441
1620113001216 0.0 442
1620113002815 0.0 443
1620113002968 0.0 444
1620113003109 0.0 445
1620113003252 0.0 446
1620113003399 0.0 447
1620113003558 0.0 448
1620113003701 0.0 449
1620113003843 0.0 450
1620113003985 0.0 451
1620113004127 0.0 452
1620113005868 0.0 453
1620113006043 0.0 454
1620113006185 0.0 455
1620113006332 0.0 456
1620113006470 0.0 457
1620113006616 0.0 458
1620113006755 0.0 459
1620113006899 0.0 460
1620113007051 0.0 461
1620113007210 0.0 462
1620113009302 0.0 463
1620113009548 0.0 464
1620113009715 0.0 465
1620113009882 0.0 466
1620113010015 0.0 467
1620113010165 0.0 468
1620113010315 0.0 469
1620113010467 0.0 470
1620113010609 0.0 471
1620113010752 0.0 472
1620113010894 0.0 473
1620113013041 0.0 474
1620113014381 0.0 475
1620113014560 0.0 476
1620113014743 0.0 477
1620113014895 0.0 478
1620113015042 0.0 479
1620113015183 0.0 480
1620113015273 0.0 481
1620113015461 0.0 482
1620113015624 0.0 483
1620113015715 0.0 484
1620113017162 0.0 485
1620113017308 0.0 486
1620113017450 0.0 487
1620113017501 0.0 488
1620113017644 0.0 489
1620113017725 0.0 490
1620113017865 0.0 491
1620113018008 0.0 492
1620113018150 0.0 493
1620113018284 0.0 494
1620113018427 0.0 495
1620113020213 0.0 496
1620113020372 0.0 497
1620113020514 0.0 498
1620113020656 0.0 499
1620113020791 0.0 500
1620113020933 0.0 501
1620113021075 0.0 502
1620113021218 0.0 503
1620113021369 0.0 504
1620113021512 0.0 505
1620113023087 0.0 506
1620113023228 0.0 507
1620113023370 0.0 508
1620113023512 0.0 509
1620113023655 0.0 510
1620113023797 0.0 511
1620113023889 0.0 512
1620113024031 0.0 513
1620113024181 0.0 514
1620113024255 0.0 515
1620113024397 0.0 516
1620113025842 0.0 517
1620113026003 0.0 518
1620113026084 0.0 519
1620113026145 0.0 520
1620113026287 0.0 521
1620113026338 0.0 522
1620113026377 0.0 523
1620113026511 0.0 524
1620113026643 0.0 525
1620113026785 0.0 526
1620113026806 0.0 527
1620113026907 0.0 528
1620113026997 0.0 529
1620113027080 0.0 530
1620113027121 0.0 531
1620113027263 0.0 532
1620113029860 0.0 533
1620113030004 0.0 534
1620113030106 0.0 535
1620113030164 0.0 536
1620113030266 0.0 537
1620113030317 0.0 538
1620113030421 0.0 539
1620113030563 0.0 540
1620113030634 0.0 541
1620113030776 0.0 542
1620113030817 0.0 543
1620113030959 0.0 544
1620113031102 0.0 545
1620113032605 0.0 546
1620113032637 0.0 547
1620113032826 0.0 548
1620113032849 0.0 549
1620113033001 0.0 550
1620113033083 0.0 551
1620113033215 0.0 552
1620113033368 0.0 553
1620113033521 0.0 554
1620113033696 0.0 555
1620113033772 0.0 556
1620113033922 0.0 557
1620113034074 0.0 558
1620113035948 0.0 559
1620113036137 0.0 560
1620113036282 0.0 561
1620113036393 0.0 562
1620113036553 0.0 563
1620113036707 0.0 564
1620113036962 0.0 565
1620113037254 0.0 566
1620113037380 0.0 567
1620113037542 0.0 568
1620113037696 0.0 569
1620113039363 0.0 570
1620113039414 0.0 571
1620113039565 0.0 572
1620113039708 0.0 573
1620113039778 0.0 574
1620113039890 0.0 575
1620113039931 0.0 576
1620113040081 0.0 577
1620113040194 0.0 578
1620113040366 0.0 579
1620113040585 0.0 580
1620113040688 0.0 581
1620113040799 0.0 582
1620113040929 0.0 583
1620113042452 0.0 584
1620113042622 0.0 585
1620113042685 0.0 586
1620113042729 0.0 587
1620113042868 0.0 588
1620113043018 0.0 589
1620113043121 0.0 590
1620113043262 0.0 591
1620113043332 0.0 592
1620113043475 0.0 593
1620113043630 0.0 594
1620113043782 0.0 595
1620113044993 0.0 596
1620113047248 0.0 597
1620113047316 0.0 598
1620113047482 0.0 599
1620113047636 0.0 600
1620113047783 0.0 601
1620113047888 0.0 602
1620113048056 0.0 603
1620113048178 0.0 604
1620113048194 0.0 605
1620113048334 0.0 606
1620113048486 0.0 607
1620113048632 0.0 608
1620113048769 0.0 609
1620113050459 0.0 610
1620113050610 0.0 611
1620113050756 0.0 612
1620113050902 0.0 613
1620113051015 0.0 614
1620113051167 0.0 615
1620113051326 0.0 616
1620113051482 0.0 617
1620113051665 0.0 618
1620113051964 0.0 619
1620113054116 0.0 620
1620113054258 0.0 621
1620113054401 0.0 622
1620113054549 0.0 623
1620113054692 0.0 624
1620113054835 0.0 625
1620113054982 0.0 626
1620113055129 0.0 627
1620113055279 0.0 628
1620113055423 0.0 629
1620113057070 0.0 630
1620113057341 0.0 631
1620113057536 0.0 632
1620113057683 0.0 633
1620113057829 0.0 634
1620113057966 0.0 635
1620113058115 0.0 636
1620113058251 0.0 637
1620113058402 0.0 638
1620113058551 0.0 639
1620113058702 0.0 640
1620113060426 0.0 641
1620113060570 0.0 642
1620113060713 0.0 643
1620113060863 0.0 644
1620113061018 0.0 645
1620113061169 0.0 646
1620113061314 0.0 647
1620113061471 0.0 648
1620113062782 0.0 649
1620113062965 0.0 650
1620113064682 0.0 651
1620113064835 0.0 652
1620113064981 0.0 653
1620113065124 0.0 654
1620113065274 0.0 655
1620113065418 0.0 656
1620113065568 0.0 657
1620113065712 0.0 658
1620113065855 0.0 659
1620113065997 0.0 660
1620113067564 0.0 661
1620113067736 0.0 662
1620113067879 0.0 663
1620113068065 0.0 664
1620113068261 0.0 665
1620113068482 0.0 666
1620113068632 0.0 667
1620113068765 0.0 668
1620113068932 0.0 669
1620113069104 0.0 670
1620113071089 0.0 671
1620113071267 0.0 672
1620113071410 0.0 673
1620113071583 0.0 674
1620113071726 0.0 675
1620113071878 0.0 676
1620113071998 0.0 677
1620113072141 0.0 678
1620113072283 0.0 679
1620113072427 0.0 680
1620113072532 0.0 681
1620113074565 0.0 682
1620113074724 0.0 683
1620113074858 0.0 684
1620113074960 0.0 685
1620113075103 0.0 686
1620113075246 0.0 687
1620113075388 0.0 688
1620113075530 0.0 689
1620113075672 0.0 690
1620113075822 0.0 691
1620113075966 0.0 692
1620113077572 0.0 693
1620113077726 0.0 694
1620113077865 0.0 695
1620113078035 0.0 696
1620113078213 0.0 697
1620113078351 0.0 698
1620113078503 0.0 699
1620113079932 0.0 700
1620113080082 0.0 701
1620113080225 0.0 702
1620113081967 0.0 703
1620113082141 0.0 704
1620113082303 0.0 705
1620113082454 0.0 706
1620113082573 0.0 707
1620113082722 0.0 708
1620113082864 0.0 709
1620113083009 0.0 710
1620113083148 0.0 711
1620113083298 0.0 712
1620113084862 0.0 713
1620113085032 0.0 714
1620113085233 0.0 715
1620113085365 0.0 716
1620113085524 0.0 717
1620113085672 0.0 718
1620113085823 0.0 719
1620113085974 0.0 720
1620113086126 0.0 721
1620113086278 0.0 722
1620113086427 0.0 723
1620113088149 0.0 724
1620113088311 0.0 725
1620113088467 0.0 726
1620113088612 0.0 727
1620113088749 0.0 728
1620113088915 0.0 729
1620113089000 0.0 730
1620113089049 0.0 731
1620113089066 0.0 732
1620113089140 0.0 733
1620113089282 0.0 734
1620113089433 0.0 735
1620113089577 0.0 736
1620113091215 0.0 737
1620113091402 0.0 738
1620113091457 0.0 739
1620113091600 0.0 740
1620113091741 0.0 741
1620113091883 0.0 742
1620113092032 0.0 743
1620113092169 0.0 744
1620113092319 0.0 745
1620113092464 0.0 746
1620113092605 0.0 747
1620113094179 0.0 748
1620113094341 0.0 749
1620113094483 0.0 750
1620113094631 0.0 751
1620113094769 0.0 752
1620113094787 0.0 753
1620113094807 0.0 754
1620113094860 0.0 755
1620113095016 0.0 756
1620113095049 0.0 757
1620113096432 0.0 758
1620113096594 0.0 759
1620113096741 0.0 760
1620113096891 0.0 761
1620113098726 0.0 762
1620113098888 0.0 763
1620113099035 0.0 764
1620113099182 0.0 765
1620113099333 0.0 766
1620113099475 0.0 767
1620113099620 0.0 768
1620113099799 0.0 769
1620113099940 0.0 770
1620113100092 0.0 771
1620113102048 0.0 772
1620113102232 0.0 773
1620113102383 0.0 774
1620113102526 0.0 775
1620113102668 0.0 776
1620113102810 0.0 777
1620113102953 0.0 778
1620113103099 0.0 779
1620113103246 0.0 780
1620113103399 0.0 781
1620113105149 0.0 782
1620113105329 0.0 783
1620113105471 0.0 784
1620113105615 0.0 785
1620113105766 0.0 786
1620113105908 0.0 787
1620113106053 0.0 788
1620113106204 0.0 789
1620113106369 0.0 790
1620113106520 0.0 791
1620113108854 0.0 792
1620113109047 0.0 793
1620113109187 0.0 794
1620113109329 0.0 795
1620113109472 0.0 796
1620113109614 0.0 797
1620113109749 0.0 798
1620113109900 0.0 799
1620113110042 0.0 800
1620113110184 0.0 801
1620113110325 0.0 802
1620113112253 0.0 803
1620113112415 0.0 804
1620113112567 0.0 805
1620113112708 0.0 806
1620113112863 0.0 807
1620113114074 0.0 808
1620113114216 0.0 809
1620113114365 0.0 810
1620113114504 0.0 811
1620113114649 0.0 812
1620113116284 0.0 813
1620113116457 0.0 814
1620113116599 0.0 815
1620113116740 0.0 816
1620113116883 0.0 817
1620113117032 0.0 818
1620113117176 0.0 819
1620113117315 0.0 820
1620113117454 0.0 821
1620113117599 0.0 822
1620113119205 0.0 823
1620113119377 0.0 824
1620113119519 0.0 825
1620113119661 0.0 826
1620113119813 0.0 827
1620113119955 0.0 828
1620113120099 0.0 829
1620113120248 0.0 830
1620113120390 0.0 831
1620113120532 0.0 832
1620113122449 0.0 833
1620113122789 0.0 834
1620113123015 0.0 835
1620113123189 0.0 836
1620113123338 0.0 837
1620113123482 0.0 838
1620113123641 0.0 839
1620113123789 0.0 840
1620113123938 0.0 841
1620113124082 0.0 842
1620113124227 0.0 843
1620113126020 0.0 844
1620113126349 0.0 845
1620113126556 0.0 846
1620113126754 0.0 847
1620113126899 0.0 848
1620113127049 0.0 849
1620113127215 0.0 850
1620113127349 0.0 851
1620113127504 0.0 852
1620113127646 0.0 853
1620113129354 0.0 854
1620113129506 0.0 855
1620113129648 0.0 856
1620113129791 0.0 857
1620113131249 0.0 858
1620113131515 0.0 859
1620113131682 0.0 860
1620113131838 0.0 861
1620113131991 0.0 862
1620113132143 0.0 863
1620113134033 0.0 864
1620113134265 0.0 865
1620113134448 0.0 866
1620113134582 0.0 867
1620113134714 0.0 868
1620113134876 0.0 869
1620113135047 0.0 870
1620113135232 0.0 871
1620113135372 0.0 872
1620113135536 0.0 873
1620113135671 0.0 874
1620113137449 0.0 875
1620113137691 0.0 876
1620113137834 0.0 877
1620113137976 0.0 878
1620113138166 0.0 879
1620113138335 0.0 880
1620113138478 0.0 881
1620113138618 0.0 882
1620113138762 0.0 883
1620113138904 0.0 884
1620113140829 0.0 885
1620113141006 0.0 886
1620113141198 0.0 887
1620113141354 0.0 888
1620113141496 0.0 889
1620113141647 0.0 890
1620113141812 0.0 891
1620113141949 0.0 892
1620113142103 0.0 893
1620113142249 0.0 894
1620113144116 0.0 895
1620113144166 0.0 896
1620113144280 0.0 897
1620113144427 0.0 898
1620113144571 0.0 899
1620113144682 0.0 900
1620113144826 0.0 901
1620113144971 0.0 902
1620113144990 0.0 903
1620113144999 0.0 904
1620113145151 0.0 905
1620113145293 0.0 906
1620113145312 0.0 907
1620113145375 0.0 908
1620113145519 0.0 909
1620113145537 0.0 910
1620113147369 0.0 911
1620113147439 0.0 912
1620113147571 0.0 913
1620113147642 0.0 914
1620113148767 0.0 915
1620113148820 0.0 916
1620113148832 0.0 917
1620113148891 0.0 918
1620113148911 0.0 919
1620113148952 0.0 920
1620113149013 0.0 921
1620113149044 0.0 922
1620113149095 0.0 923
1620113149125 0.0 924
1620113149196 0.0 925
1620113149296 0.0 926
1620113149308 0.0 927
1620113149367 0.0 928
1620113149410 0.0 929
1620113149531 0.0 930
1620113149582 0.0 931
1620113149714 0.0 932
1620113149732 0.0 933
1620113149865 0.0 934
1620113149916 0.0 935
1620113151485 0.0 936
1620113151536 0.0 937
1620113151577 0.0 938
1620113151638 0.0 939
1620113151668 0.0 940
1620113151682 0.0 941
1620113151699 0.0 942
1620113151706 0.0 943
1620113151719 0.0 944
1620113151759 0.0 945
1620113151779 0.0 946
1620113151808 0.0 947
1620113151871 0.0 948
1620113151883 0.0 949
1620113151899 0.0 950
1620113151971 0.0 951
1620113152021 0.0 952
1620113152165 0.0 953
1620113152191 0.0 954
1620113152249 0.0 955
1620113152316 0.0 956
1620113152349 0.0 957
1620113152392 0.0 958
1620113152441 0.0 959
1620113152498 0.0 960
1620113152565 0.0 961
1620113152623 0.0 962
1620113152641 0.0 963
1620113152732 0.0 964
1620113152763 0.0 965
1620113152816 0.0 966
1620113152844 0.0 967
1620113152856 0.0 968
1620113152895 0.0 969
1620113152919 0.0 970
1620113152943 0.0 971
1620113153087 0.0 972
1620113153151 0.0 973
1620113153192 0.0 974
1620113153222 0.0 975
1620113153252 0.0 976
1620113153283 0.0 977
1620113153293 0.0 978
1620113154871 0.0 979
1620113154901 0.0 980
1620113154940 0.0 981
1620113154962 0.0 982
1620113154992 0.0 983
1620113155031 0.0 984
1620113155067 0.0 985
1620113155084 0.0 986
1620113155102 0.0 987
1620113155115 0.0 988
1620113155135 0.0 989
1620113155155 0.0 990
1620113155176 0.0 991
1620113155198 0.0 992
1620113155236 0.0 993
1620113155267 0.0 994
1620113155297 0.0 995
1620113155308 0.0 996
1620113155326 0.0 997
1620113155338 0.0 998
1620113155348 0.0 999
1620113155379 0.0 1000
1620113155389 0.0 1001
1620113155399 0.0 1002
1620113155418 0.0 1003
1620113155440 0.0 1004
1620113155469 0.0 1005
1620113155501 0.0 1006
1620113155532 0.0 1007
1620113155577 0.0 1008
1620113155597 0.0 1009
1620113155615 0.0 1010
1620113155634 0.0 1011
1620113155665 0.0 1012
1620113155674 0.0 1013
1620113155705 0.0 1014
1620113155732 0.0 1015
1620113155749 0.0 1016
1620113155777 0.0 1017
1620113155787 0.0 1018
1620113155797 0.0 1019
1620113155817 0.0 1020
1620113155886 1.0 1021
1620113155937 0.0 1022
1620113155950 0.0 1023
1620113155970 0.0 1024
1620113155988 0.0 1025
1620113156021 0.0 1026
1620113156041 0.0 1027
1620113156052 0.0 1028
1620113156091 0.0 1029
1620113156111 0.0 1030
1620113156123 0.0 1031
1620113156154 0.0 1032
1620113156174 0.0 1033
1620113156212 0.0 1034
1620113156233 0.0 1035
1620113156255 0.0 1036
1620113156286 0.0 1037
1620113156334 0.0 1038
1620113156346 0.0 1039
1620113156364 0.0 1040
1620113156387 0.0 1041
1620113156415 0.0 1042
1620113156425 0.0 1043
1620113156458 0.0 1044
1620113156476 0.0 1045
1620113156509 0.0 1046
1620113156527 0.0 1047
1620113156549 0.0 1048
1620113156567 0.0 1049
1620113156610 0.0 1050
1620113158502 0.0 1051
1620113158549 0.0 1052
1620113158645 0.0 1053
1620113158665 0.0 1054
1620113158713 0.0 1055
1620113158732 0.0 1056
1620113158787 0.0 1057
1620113158826 0.0 1058
1620113158847 0.0 1059
1620113158908 0.0 1060
1620113158938 0.0 1061
1620113158959 0.0 1062
1620113158979 0.0 1063
1620113158999 0.0 1064
1620113159028 1.0 1065
1620113159060 0.0 1066
1620113159123 0.0 1067
1620113159175 0.0 1068
1620113159199 0.0 1069
1620113159275 0.0 1070
1620113159306 0.0 1071
1620113159338 0.0 1072
1620113159382 0.0 1073
1620113159400 0.0 1074
1620113159415 0.0 1075
1620113159451 0.0 1076
1620113159469 0.0 1077
1620113159491 0.0 1078
1620113159512 0.0 1079
1620113159540 0.0 1080
1620113159552 0.0 1081
1620113159573 0.0 1082
1620113159583 0.0 1083
1620113159601 0.0 1084
1620113159623 0.0 1085
1620113159694 0.0 1086
1620113159704 0.0 1087
1620113159745 0.0 1088
1620113159765 0.0 1089
1620113159786 0.0 1090
1620113159796 0.0 1091
1620113159819 0.0 1092
1620113159849 0.0 1093
1620113159867 0.0 1094
1620113159926 0.0 1095
1620113159949 0.0 1096
1620113159969 0.0 1097
1620113160020 0.0 1098
1620113160038 0.0 1099
1620113160070 0.0 1100
1620113160091 0.0 1101
1620113160109 0.0 1102
1620113160121 0.0 1103
1620113160152 0.0 1104
1620113160183 0.0 1105
1620113160203 0.0 1106
1620113160242 0.0 1107
1620113160276 0.0 1108
1620113162018 0.0 1109
1620113162067 0.0 1110
1620113162090 0.0 1111
1620113162151 0.0 1112
1620113162182 0.0 1113
1620113162232 0.0 1114
1620113162266 0.0 1115
1620113162273 0.0 1116
1620113162294 0.0 1117
1620113162362 0.0 1118
1620113162399 1.0 1119
1620113162424 0.0 1120
1620113162446 1.0 1121
1620113162469 0.0 1122
1620113162485 1.0 1123
1620113162507 1.0 1124
1620113162566 0.0 1125
1620113162617 1.0 1126
1620113162680 0.0 1127
1620113162721 0.0 1128
1620113162741 0.0 1129
1620113162782 0.0 1130
1620113162812 0.0 1131
1620113162842 0.0 1132
1620113162923 1.0 1133
1620113162944 1.0 1134
1620113162954 1.0 1135
1620113162974 0.0 1136
1620113162984 0.0 1137
1620113163016 0.0 1138
1620113163086 0.0 1139
1620113163106 0.0 1140
1620113163127 0.0 1141
1620113163182 0.0 1142
1620113163231 0.0 1143
1620113163263 0.0 1144
1620113163416 1.0 1145
1620113163432 0.0 1146
1620113163562 0.0 1147
1620113163599 0.0 1148
1620113163621 0.0 1149
1620113163682 1.0 1150
1620113163710 0.0 1151
1620113163730 0.0 1152
1620113163740 0.0 1153
1620113163760 1.0 1154
1620113163811 0.0 1155
1620113163842 0.0 1156
1620113163872 0.0 1157
1620113163893 0.0 1158
1620113165533 0.0 1159
1620113165666 0.0 1160
1620113165685 0.0 1161
1620113165726 0.0 1162
1620113165756 0.0 1163
1620113166953 1.0 1164
1620113166989 1.0 1165
1620113167000 0.0 1166
1620113167017 0.0 1167
1620113167035 1.0 1168
1620113167132 1.0 1169
1620113167149 0.0 1170
1620113167149 0.0 1171
1620113167199 1.0 1172
1620113167216 0.0 1173
1620113167233 1.0 1174
1620113167269 1.0 1175
1620113167287 0.0 1176
1620113167309 1.0 1177
1620113167332 1.0 1178
1620113167368 0.0 1179
1620113167389 0.0 1180
1620113167419 1.0 1181
1620113167442 1.0 1182
1620113167472 1.0 1183
1620113167490 0.0 1184
1620113167523 0.0 1185
1620113167543 0.0 1186
1620113167605 1.0 1187
1620113167633 1.0 1188
1620113167656 0.0 1189
1620113167686 1.0 1190
1620113167717 1.0 1191
1620113167737 0.0 1192
1620113167758 0.0 1193
1620113167780 1.0 1194
1620113167815 1.0 1195
1620113167832 0.0 1196
1620113167849 1.0 1197
1620113167888 1.0 1198
1620113167900 0.0 1199
1620113167949 1.0 1200
1620113167989 1.0 1201
1620113168012 0.0 1202
1620113168042 0.0 1203
1620113168083 1.0 1204
1620113168123 1.0 1205
1620113168174 1.0 1206
1620113168194 1.0 1207
1620113168225 1.0 1208
1620113168255 1.0 1209
1620113168276 0.0 1210
1620113168293 0.0 1211
1620113168314 1.0 1212
1620113170108 0.0 1213
1620113170128 0.0 1214
1620113170158 1.0 1215
1620113170178 0.0 1216
1620113170209 0.0 1217
1620113170237 1.0 1218
1620113170269 1.0 1219
1620113170299 0.0 1220
1620113170330 1.0 1221
1620113170360 0.0 1222
1620113170381 0.0 1223
1620113170410 1.0 1224
1620113170442 1.0 1225
1620113170465 1.0 1226
1620113170483 0.0 1227
1620113170503 1.0 1228
1620113170555 1.0 1229
1620113170565 0.0 1230
1620113170595 1.0 1231
1620113170606 0.0 1232
1620113170624 1.0 1233
1620113170656 1.0 1234
1620113170674 1.0 1235
1620113170687 1.0 1236
1620113170705 0.0 1237
1620113170717 1.0 1238
1620113170738 1.0 1239
1620113170758 1.0 1240
1620113170787 1.0 1241
1620113170838 0.0 1242
1620113170870 1.0 1243
1620113170890 1.0 1244
1620113170911 1.0 1245
1620113170931 1.0 1246
1620113170954 1.0 1247
1620113170972 1.0 1248
1620113170990 0.0 1249
1620113171016 1.0 1250
1620113171071 1.0 1251
1620113171104 1.0 1252
1620113171135 1.0 1253
1620113171153 1.0 1254
1620113171175 1.0 1255
1620113171196 0.0 1256
1620113171216 1.0 1257
1620113171266 0.0 1258
1620113171297 1.0 1259
1620113171307 1.0 1260
1620113171343 1.0 1261
1620113171374 0.0 1262
1620113171411 1.0 1263
1620113171443 1.0 1264
1620113171458 1.0 1265
1620113171482 1.0 1266
1620113171499 1.0 1267
1620113171516 1.0 1268
1620113171527 0.0 1269
1620113171537 1.0 1270
1620113171557 1.0 1271
1620113171582 1.0 1272
1620113171620 1.0 1273
1620113171639 0.0 1274
1620113171651 0.0 1275
1620113171671 1.0 1276
1620113171689 1.0 1277
1620113171712 1.0 1278
1620113171732 1.0 1279
1620113171742 0.0 1280
1620113171770 0.0 1281
1620113171782 0.0 1282
1620113171813 1.0 1283
1620113171884 1.0 1284
1620113173869 1.0 1285
1620113173898 1.0 1286
1620113173930 1.0 1287
1620113173970 1.0 1288
1620113174015 1.0 1289
1620113174032 1.0 1290
1620113174052 1.0 1291
1620113174070 1.0 1292
1620113174092 1.0 1293
1620113174110 1.0 1294
1620113174133 0.0 1295
1620113174153 1.0 1296
1620113174173 1.0 1297
1620113174191 1.0 1298
1620113174234 1.0 1299
1620113174249 1.0 1300
1620113174265 0.0 1301
1620113174283 0.0 1302
1620113174323 1.0 1303
1620113174349 1.0 1304
1620113174374 1.0 1305
1620113174399 1.0 1306
1620113174415 1.0 1307
1620113174457 1.0 1308
1620113174467 1.0 1309
1620113174499 1.0 1310
1620113174507 1.0 1311
1620113174532 1.0 1312
1620113174546 0.0 1313
1620113174566 1.0 1314
1620113174578 0.0 1315
1620113174597 1.0 1316
1620113174609 1.0 1317
1620113174640 1.0 1318
1620113174670 1.0 1319
1620113174688 0.0 1320
1620113174700 1.0 1321
1620113174721 1.0 1322
1620113174741 1.0 1323
1620113174759 1.0 1324
1620113174771 1.0 1325
1620113174792 1.0 1326
1620113174815 0.0 1327
1620113174830 1.0 1328
1620113174850 1.0 1329
1620113174865 1.0 1330
1620113174882 0.0 1331
1620113174915 1.0 1332
1620113174932 0.0 1333
1620113174952 0.0 1334
1620113174973 1.0 1335
1620113174991 0.0 1336
1620113175001 0.0 1337
1620113175015 0.0 1338
1620113175034 1.0 1339
1620113175055 0.0 1340
1620113175065 1.0 1341
1620113175114 1.0 1342
1620113175126 0.0 1343
1620113175144 1.0 1344
1620113175166 1.0 1345
1620113175182 1.0 1346
1620113175199 1.0 1347
1620113175215 1.0 1348
1620113175232 1.0 1349
1620113175266 1.0 1350
1620113175315 0.0 1351
1620113175332 1.0 1352
1620113175348 0.0 1353
1620113175367 1.0 1354
1620113175387 1.0 1355
1620113175408 1.0 1356
1620113175426 1.0 1357
1620113175458 1.0 1358
1620113175487 1.0 1359
1620113175507 1.0 1360
1620113175519 1.0 1361
1620113175548 0.0 1362
1620113175570 1.0 1363
1620113175601 1.0 1364
1620113177016 0.0 1365
1620113177054 1.0 1366
1620113177067 1.0 1367
1620113177087 1.0 1368
1620113177107 1.0 1369
1620113177127 1.0 1370
1620113177156 1.0 1371
1620113177168 0.0 1372
1620113177182 1.0 1373
1620113177196 1.0 1374
1620113177228 1.0 1375
1620113177248 1.0 1376
1620113177269 1.0 1377
1620113177299 1.0 1378
1620113177320 1.0 1379
1620113177350 1.0 1380
1620113177360 0.0 1381
1620113177380 1.0 1382
1620113177399 1.0 1383
1620113177411 1.0 1384
1620113177439 0.0 1385
1620113177462 1.0 1386
1620113177490 1.0 1387
1620113177500 0.0 1388
1620113177515 1.0 1389
1620113177533 1.0 1390
1620113177551 1.0 1391
1620113177571 1.0 1392
1620113177583 1.0 1393
1620113177604 1.0 1394
1620113177624 1.0 1395
1620113177644 1.0 1396
1620113177662 1.0 1397
1620113177674 1.0 1398
1620113177693 1.0 1399
1620113177705 1.0 1400
1620113177733 1.0 1401
1620113177753 1.0 1402
1620113177766 1.0 1403
1620113177786 1.0 1404
1620113177806 1.0 1405
1620113177825 1.0 1406
1620113177837 1.0 1407
1620113177857 0.0 1408
1620113177876 1.0 1409
1620113177898 1.0 1410
1620113177918 1.0 1411
1620113177939 1.0 1412
1620113177959 1.0 1413
1620113177977 1.0 1414
1620113177989 1.0 1415
1620113178000 1.0 1416
1620113178020 1.0 1417
1620113178030 1.0 1418
1620113178050 0.0 1419
1620113178069 1.0 1420
1620113178101 1.0 1421
1620113178132 1.0 1422
1620113178160 1.0 1423
1620113178182 1.0 1424
1620113178215 1.0 1425
1620113178223 0.0 1426
1620113178241 1.0 1427
1620113178254 1.0 1428
1620113178274 1.0 1429
1620113178299 1.0 1430
1620113178323 1.0 1431
1620113178340 1.0 1432
1620113178356 1.0 1433
1620113178399 1.0 1434
1620113178427 1.0 1435
1620113178457 1.0 1436
1620113178488 1.0 1437
1620113178507 1.0 1438
1620113178531 1.0 1439
1620113178554 1.0 1440
1620113178601 1.0 1441
1620113178628 1.0 1442
1620113178656 1.0 1443
1620113178672 0.0 1444
1620113178693 1.0 1445
1620113178724 1.0 1446
1620113178747 0.0 1447
1620113178769 1.0 1448
1620113178792 1.0 1449
1620113178811 1.0 1450
1620113178828 1.0 1451
1620113178846 1.0 1452
1620113178868 1.0 1453
1620113180435 1.0 1454
1620113180454 1.0 1455
1620113180475 1.0 1456
1620113180501 1.0 1457
1620113180533 0.0 1458
1620113180562 1.0 1459
1620113180579 1.0 1460
1620113180588 0.0 1461
1620113180604 0.0 1462
1620113180626 1.0 1463
1620113180641 1.0 1464
1620113180656 1.0 1465
1620113180673 1.0 1466
1620113180693 1.0 1467
1620113180717 1.0 1468
1620113180735 1.0 1469
1620113180757 1.0 1470
1620113180775 1.0 1471
1620113180806 1.0 1472
1620113180826 1.0 1473
1620113180844 1.0 1474
1620113180857 1.0 1475
1620113180877 1.0 1476
1620113180900 1.0 1477
1620113180915 1.0 1478
1620113180932 1.0 1479
1620113180948 1.0 1480
1620113180965 1.0 1481
1620113180985 1.0 1482
1620113181006 1.0 1483
1620113181038 1.0 1484
1620113181057 1.0 1485
1620113181072 0.0 1486
1620113181089 1.0 1487
1620113181102 1.0 1488
1620113181118 1.0 1489
1620113181131 1.0 1490
1620113181147 1.0 1491
1620113181164 1.0 1492
1620113181185 1.0 1493
1620113181207 1.0 1494
1620113181229 1.0 1495
1620113181255 1.0 1496
1620113181271 1.0 1497
1620113181289 1.0 1498
1620113181311 1.0 1499
1620113181329 1.0 1500
1620113181346 1.0 1501
1620113181364 1.0 1502
1620113181390 1.0 1503
1620113181406 1.0 1504
1620113181434 1.0 1505
1620113181456 1.0 1506
1620113181468 1.0 1507
1620113181485 1.0 1508
1620113181505 1.0 1509
1620113181525 1.0 1510
1620113181556 1.0 1511
1620113181576 1.0 1512
1620113181588 1.0 1513
1620113181627 1.0 1514
1620113181639 1.0 1515
1620113181658 1.0 1516
1620113181670 1.0 1517
1620113181690 1.0 1518
1620113181710 1.0 1519
1620113181720 1.0 1520
1620113181741 1.0 1521
1620113181761 1.0 1522
1620113181791 1.0 1523
1620113181801 1.0 1524
1620113181822 1.0 1525
1620113181843 1.0 1526
1620113181862 1.0 1527
1620113181878 1.0 1528
1620113181893 1.0 1529
1620113181911 1.0 1530
1620113181923 1.0 1531
1620113181944 1.0 1532
1620113181973 1.0 1533
1620113181985 1.0 1534
1620113182005 1.0 1535
1620113182026 1.0 1536
1620113182036 1.0 1537
1620113182056 1.0 1538
1620113182066 1.0 1539
1620113182087 1.0 1540
1620113182107 1.0 1541
1620113182127 1.0 1542
1620113182147 1.0 1543
1620113182168 1.0 1544
1620113182178 1.0 1545
1620113182198 1.0 1546
1620113182218 1.0 1547
1620113182236 1.0 1548
1620113182249 1.0 1549
1620113183676 1.0 1550
