1620114815870 0.0 0
1620114815882 0.0 1
1620114815921 0.0 2
1620114815943 0.0 3
1620114815992 0.0 4
1620114816016 0.0 5
1620114816049 0.0 6
1620114816065 0.0 7
1620114816149 0.0 8
1620114816175 0.0 9
1620114816265 0.0 10
1620114816317 0.0 11
1620114816350 0.0 12
1620114816370 0.0 13
1620114816492 0.0 14
1620114816515 0.0 15
1620114816645 0.0 16
1620114816782 0.0 17
1620114816814 0.0 18
1620114816834 0.0 19
1620114816867 0.0 20
1620114816895 0.0 21
1620114816917 0.0 22
1620114817100 0.0 23
1620114817120 0.0 24
1620114817150 0.0 25
1620114817211 0.0 26
1620114817333 0.0 27
1620114817372 0.0 28
1620114817402 0.0 29
1620114817482 0.0 30
1620114817482 0.0 31
1620114817582 0.0 32
1620114817666 0.0 33
1620114817699 0.0 34
1620114817724 0.0 35
1620114817745 0.0 36
1620114817778 0.0 37
1620114817796 0.0 38
1620114817839 0.0 39
1620114817877 0.0 40
1620114817909 0.0 41
1620114817990 0.0 42
1620114818019 0.0 43
1620114818110 0.0 44
1620114818160 0.0 45
1620114818193 0.0 46
1620114818221 0.0 47
1620114818251 0.0 48
1620114818282 0.0 49
1620114818332 0.0 50
1620114818365 0.0 51
1620114818398 0.0 52
1620114818432 0.0 53
1620114818462 0.0 54
1620114818474 0.0 55
1620114818534 0.0 56
1620114818556 0.0 57
1620114818595 0.0 58
1620114818617 0.0 59
1620114818682 0.0 60
1620114818709 0.0 61
1620114818740 0.0 62
1620114818790 0.0 63
1620114818815 0.0 64
1620114819004 0.0 65
1620114819023 0.0 66
1620114819063 0.0 67
1620114819165 0.0 68
1620114819319 0.0 69
1620114819340 0.0 70
1620114819381 0.0 71
1620114819421 0.0 72
1620114819442 0.0 73
1620114819482 0.0 74
1620114819503 0.0 75
1620114819533 0.0 76
1620114819604 0.0 77
1620114819632 0.0 78
1620114819699 0.0 79
1620114819716 0.0 80
1620114819734 0.0 81
1620114819807 0.0 82
1620114819856 0.0 83
1620114819958 0.0 84
1620114819968 0.0 85
1620114820041 0.0 86
1620114820112 0.0 87
1620114820153 0.0 88
1620114820183 0.0 89
1620114820224 0.0 90
1620114820252 0.0 91
1620114820305 0.0 92
1620114820333 0.0 93
1620114820366 0.0 94
1620114820386 0.0 95
1620114820448 0.0 96
1620114820482 0.0 97
1620114820515 0.0 98
1620114820634 0.0 99
1620114820665 0.0 100
1620114820715 0.0 101
1620114820748 0.0 102
1620114820798 0.0 103
1620114820905 0.0 104
1620114820965 0.0 105
1620114821009 0.0 106
1620114821078 0.0 107
1620114821149 0.0 108
1620114821166 0.0 109
1620114821257 0.0 110
1620114821280 0.0 111
1620114821358 0.0 112
1620114821429 0.0 113
1620114821465 0.0 114
1620114821585 0.0 115
1620114821605 0.0 116
1620114821640 0.0 117
1620114821658 0.0 118
1620114821699 0.0 119
1620114821723 0.0 120
1620114821814 0.0 121
1620114822033 0.0 122
1620114822084 0.0 123
1620114822148 0.0 124
1620114822199 0.0 125
1620114822249 0.0 126
1620114822266 0.0 127
1620114822299 0.0 128
1620114822332 0.0 129
1620114822349 0.0 130
1620114822417 0.0 131
1620114822445 0.0 132
1620114822547 0.0 133
1620114822569 0.0 134
1620114822610 0.0 135
1620114822651 0.0 136
1620114822681 0.0 137
1620114822712 0.0 138
1620114822742 0.0 139
1620114822783 0.0 140
1620114822824 0.0 141
1620114822874 0.0 142
1620114822935 0.0 143
1620114822996 0.0 144
1620114823017 0.0 145
1620114823067 0.0 146
1620114823128 0.0 147
1620114823240 0.0 148
1620114823250 0.0 149
1620114823271 0.0 150
1620114823311 0.0 151
1620114823372 0.0 152
1620114823401 0.0 153
1620114823413 0.0 154
1620114823494 0.0 155
1620114823525 0.0 156
1620114823563 0.0 157
1620114823576 0.0 158
1620114823657 0.0 159
1620114823696 0.0 160
1620114823759 0.0 161
1620114823830 0.0 162
1620114823860 0.0 163
1620114823921 0.0 164
1620114824010 0.0 165
1620114824061 0.0 166
1620114824205 0.0 167
1620114824223 0.0 168
1620114824276 0.0 169
1620114824307 0.0 170
1620114824335 0.0 171
1620114824388 0.0 172
1620114824408 0.0 173
1620114824520 0.0 174
1620114824541 0.0 175
1620114824602 0.0 176
1620114824622 0.0 177
1620114824632 0.0 178
1620114824652 0.0 179
1620114824713 0.0 180
1620114824875 0.0 181
1620114824906 0.0 182
1620114824956 0.0 183
1620114825057 0.0 184
1620114825113 0.0 185
1620114825172 0.0 186
1620114825196 0.0 187
1620114825303 0.0 188
1620114825356 0.0 189
1620114825393 0.0 190
1620114825421 0.0 191
1620114825464 0.0 192
1620114825510 0.0 193
1620114825748 0.0 194
1620114825823 0.0 195
1620114825892 0.0 196
1620114825912 0.0 197
1620114825931 0.0 198
1620114825957 0.0 199
1620114825999 0.0 200
1620114826048 0.0 201
1620114826104 0.0 202
1620114826165 0.0 203
1620114826199 0.0 204
1620114826205 0.0 205
1620114826256 0.0 206
1620114826318 0.0 207
1620114826345 0.0 208
1620114826387 0.0 209
1620114826443 0.0 210
1620114826488 0.0 211
1620114826603 0.0 212
1620114826629 0.0 213
1620114826662 0.0 214
1620114826709 0.0 215
1620114826782 0.0 216
1620114826838 0.0 217
1620114826874 0.0 218
1620114826924 0.0 219
1620114826976 0.0 220
1620114827019 0.0 221
1620114827033 0.0 222
1620114827076 0.0 223
1620114827104 0.0 224
1620114827133 0.0 225
1620114827133 0.0 226
1620114827232 0.0 227
1620114827331 0.0 228
1620114827362 0.0 229
1620114827388 0.0 230
1620114827404 0.0 231
1620114827478 0.0 232
1620114827565 0.0 233
1620114827644 0.0 234
1620114827765 0.0 235
1620114827822 0.0 236
1620114827843 0.0 237
1620114827883 0.0 238
1620114827987 0.0 239
1620114828014 0.0 240
1620114828046 0.0 241
1620114828070 0.0 242
1620114828146 0.0 243
1620114828192 0.0 244
1620114828232 0.0 245
1620114828265 0.0 246
1620114828306 0.0 247
1620114828316 0.0 248
1620114828345 0.0 249
1620114828382 0.0 250
1620114828407 0.0 251
1620114828460 0.0 252
1620114828490 0.0 253
1620114828520 0.0 254
1620114828579 0.0 255
1620114828601 0.0 256
1620114828738 0.0 257
1620114828784 0.0 258
1620114828804 0.0 259
1620114828815 0.0 260
1620114828849 0.0 261
1620114828899 0.0 262
1620114828916 0.0 263
1620114828949 0.0 264
1620114828985 0.0 265
1620114829027 0.0 266
1620114829047 0.0 267
1620114829068 0.0 268
1620114829108 0.0 269
1620114829127 0.0 270
1620114829179 0.0 271
1620114829228 0.0 272
1620114829258 0.0 273
1620114829346 0.0 274
1620114829433 0.0 275
1620114829467 0.0 276
1620114829624 0.0 277
1620114829649 0.0 278
1620114829732 0.0 279
1620114829757 0.0 280
1620114829802 0.0 281
1620114829832 0.0 282
1620114829844 0.0 283
1620114829915 0.0 284
1620114829942 0.0 285
1620114829983 0.0 286
1620114830017 0.0 287
1620114830051 0.0 288
1620114830219 0.0 289
1620114830434 0.0 290
1620114830501 0.0 291
1620114830532 0.0 292
1620114830549 0.0 293
1620114830586 0.0 294
1620114830636 0.0 295
1620114830667 0.0 296
1620114830717 0.0 297
1620114830975 0.0 298
1620114831087 0.0 299
1620114831138 0.0 300
1620114831175 0.0 301
1620114831291 0.0 302
1620114831346 0.0 303
1620114831432 0.0 304
1620114831465 0.0 305
1620114831482 0.0 306
1620114831538 0.0 307
1620114831551 0.0 308
1620114831599 0.0 309
1620114831682 0.0 310
1620114831712 0.0 311
1620114831757 0.0 312
1620114831806 0.0 313
1620114831849 0.0 314
1620114831889 0.0 315
1620114831928 0.0 316
1620114831999 0.0 317
1620114832072 0.0 318
1620114832164 0.0 319
1620114832182 0.0 320
1620114832245 0.0 321
1620114832468 0.0 322
1620114832488 0.0 323
1620114832509 0.0 324
1620114832558 0.0 325
1620114832620 0.0 326
1620114832640 0.0 327
1620114832685 0.0 328
1620114832716 0.0 329
1620114832797 0.0 330
1620114832932 0.0 331
1620114833031 0.0 332
1620114833120 0.0 333
1620114833225 0.0 334
1620114833276 0.0 335
1620114833335 0.0 336
1620114833389 0.0 337
1620114833433 0.0 338
1620114833497 0.0 339
1620114833550 0.0 340
1620114833590 0.0 341
1620114833625 0.0 342
1620114833674 0.0 343
1620114833692 0.0 344
1620114833771 0.0 345
1620114833917 0.0 346
1620114833946 0.0 347
1620114834018 0.0 348
1620114834077 0.0 349
1620114834182 0.0 350
1620114834199 0.0 351
1620114834234 0.0 352
1620114834260 0.0 353
1620114834283 0.0 354
1620114834355 0.0 355
1620114834386 0.0 356
1620114834448 0.0 357
1620114834498 0.0 358
1620114834538 0.0 359
1620114834607 0.0 360
1620114834650 0.0 361
1620114834671 0.0 362
1620114834697 0.0 363
1620114834710 0.0 364
1620114834738 0.0 365
1620114834794 0.0 366
1620114834820 0.0 367
1620114834912 0.0 368
1620114834935 0.0 369
1620114834986 0.0 370
1620114835049 0.0 371
1620114835110 0.0 372
1620114835140 0.0 373
1620114835199 0.0 374
1620114835234 0.0 375
1620114835271 0.0 376
1620114835315 0.0 377
1620114835342 0.0 378
1620114835438 0.0 379
1620114835493 0.0 380
1620114835545 0.0 381
1620114835556 0.0 382
1620114835574 0.0 383
1620114835596 0.0 384
1620114835645 0.0 385
1620114835670 0.0 386
1620114835695 0.0 387
1620114835777 0.0 388
1620114835813 0.0 389
1620114835864 0.0 390
1620114835982 0.0 391
1620114835998 0.0 392
1620114836032 0.0 393
1620114836121 0.0 394
1620114836160 0.0 395
1620114836217 0.0 396
1620114836244 0.0 397
1620114836286 0.0 398
1620114836332 0.0 399
1620114836365 0.0 400
1620114836380 0.0 401
1620114836503 0.0 402
1620114836667 0.0 403
1620114836715 0.0 404
1620114836779 0.0 405
1620114836806 0.0 406
1620114836880 0.0 407
1620114837003 0.0 408
1620114837142 0.0 409
1620114837181 0.0 410
1620114837297 0.0 411
1620114837431 0.0 412
1620114837552 0.0 413
1620114837568 0.0 414
1620114837599 0.0 415
1620114837632 0.0 416
1620114837632 0.0 417
1620114837648 0.0 418
1620114837702 0.0 419
1620114837752 0.0 420
1620114837773 0.0 421
1620114837791 0.0 422
1620114837850 0.0 423
1620114837965 0.0 424
1620114838146 0.0 425
1620114838176 0.0 426
1620114838187 0.0 427
1620114838227 0.0 428
1620114838286 0.0 429
1620114838299 0.0 430
1620114838339 0.0 431
1620114838413 0.0 432
1620114838431 0.0 433
1620114838492 0.0 434
1620114838581 0.0 435
1620114838599 0.0 436
1620114838674 0.0 437
1620114838692 0.0 438
1620114838833 1.0 439
1620114838848 0.0 440
1620114838890 0.0 441
1620114838967 0.0 442
1620114839032 0.0 443
1620114839049 0.0 444
1620114839082 0.0 445
1620114839183 0.0 446
1620114839215 0.0 447
1620114839281 0.0 448
1620114839314 0.0 449
1620114839348 0.0 450
1620114839454 0.0 451
1620114839493 0.0 452
1620114839523 0.0 453
1620114839554 0.0 454
1620114839622 0.0 455
1620114839636 0.0 456
1620114839654 0.0 457
1620114839713 0.0 458
1620114839739 0.0 459
1620114839797 0.0 460
1620114839870 0.0 461
1620114839908 0.0 462
1620114839966 0.0 463
1620114840014 0.0 464
1620114840060 0.0 465
1620114840079 0.0 466
1620114840157 0.0 467
1620114840188 0.0 468
1620114840237 0.0 469
1620114840300 0.0 470
1620114840348 0.0 471
1620114840448 0.0 472
1620114840513 0.0 473
1620114840565 0.0 474
1620114840598 0.0 475
1620114840615 0.0 476
1620114840648 0.0 477
1620114840699 0.0 478
1620114840784 0.0 479
1620114840844 0.0 480
1620114840958 0.0 481
1620114841039 0.0 482
1620114841080 0.0 483
1620114841133 0.0 484
1620114841172 0.0 485
1620114841215 0.0 486
1620114841233 0.0 487
1620114841366 0.0 488
1620114841386 0.0 489
1620114841455 0.0 490
1620114841508 0.0 491
1620114841528 0.0 492
1620114841644 0.0 493
1620114841657 0.0 494
1620114841721 0.0 495
1620114841734 0.0 496
1620114841762 0.0 497
1620114841885 0.0 498
1620114841947 0.0 499
1620114842033 0.0 500
1620114842084 0.0 501
1620114842183 0.0 502
1620114842236 0.0 503
1620114842265 0.0 504
1620114842316 0.0 505
1620114842374 0.0 506
1620114842399 0.0 507
1620114842465 0.0 508
1620114842515 0.0 509
1620114842549 0.0 510
1620114842674 0.0 511
1620114842710 0.0 512
1620114842716 0.0 513
1620114842749 0.0 514
1620114842859 0.0 515
1620114842905 0.0 516
1620114842950 0.0 517
1620114843015 0.0 518
1620114843049 0.0 519
1620114843149 0.0 520
1620114843169 0.0 521
1620114843220 0.0 522
1620114843268 0.0 523
1620114843291 0.0 524
1620114843301 0.0 525
1620114843332 0.0 526
1620114843402 0.0 527
1620114843453 0.0 528
1620114843484 0.0 529
1620114843535 0.0 530
1620114843576 0.0 531
1620114843617 0.0 532
1620114843677 0.0 533
1620114843708 0.0 534
1620114843758 0.0 535
1620114843848 0.0 536
1620114843972 0.0 537
1620114844011 0.0 538
1620114844053 0.0 539
1620114844117 0.0 540
1620114844151 0.0 541
1620114844217 0.0 542
1620114844249 0.0 543
1620114844305 0.0 544
1620114844415 0.0 545
1620114844461 0.0 546
1620114844482 0.0 547
1620114844500 0.0 548
1620114844532 0.0 549
1620114844555 0.0 550
1620114844666 0.0 551
1620114844729 0.0 552
1620114844757 0.0 553
1620114844789 0.0 554
1620114844820 0.0 555
1620114844899 0.0 556
1620114844932 0.0 557
1620114845011 0.0 558
1620114845075 0.0 559
1620114845085 0.0 560
1620114845149 0.0 561
1620114845174 0.0 562
1620114845236 0.0 563
1620114845278 0.0 564
1620114845319 0.0 565
1620114845376 0.0 566
1620114845403 0.0 567
1620114845427 0.0 568
1620114845579 0.0 569
1620114845636 0.0 570
1620114845712 0.0 571
1620114845741 0.0 572
1620114845778 0.0 573
1620114845797 0.0 574
1620114845822 0.0 575
1620114845854 0.0 576
1620114845896 0.0 577
1620114845914 0.0 578
1620114845936 0.0 579
1620114846260 0.0 580
1620114846300 0.0 581
1620114846332 0.0 582
1620114846449 0.0 583
1620114846585 0.0 584
1620114846639 0.0 585
1620114846721 0.0 586
1620114846760 0.0 587
1620114846782 0.0 588
1620114846815 0.0 589
1620114846911 0.0 590
1620114846925 0.0 591
1620114846955 0.0 592
1620114846986 0.0 593
1620114847006 0.0 594
1620114847026 0.0 595
1620114847046 0.0 596
1620114847139 0.0 597
1620114847199 0.0 598
1620114847219 0.0 599
1620114847260 0.0 600
1620114847286 0.0 601
1620114847491 0.0 602
1620114847520 0.0 603
1620114847598 0.0 604
1620114847633 0.0 605
1620114847675 0.0 606
1620114847732 0.0 607
1620114847749 0.0 608
1620114847815 0.0 609
1620114847860 0.0 610
1620114847882 0.0 611
1620114847916 0.0 612
1620114847948 0.0 613
1620114848003 0.0 614
1620114848083 0.0 615
1620114848133 0.0 616
1620114848182 0.0 617
1620114848237 0.0 618
1620114848265 0.0 619
1620114848282 0.0 620
1620114848315 0.0 621
1620114848349 0.0 622
1620114848416 0.0 623
1620114848465 0.0 624
1620114848504 0.0 625
1620114848549 0.0 626
1620114848565 0.0 627
1620114848615 0.0 628
1620114848706 0.0 629
1620114848736 0.0 630
1620114848778 0.0 631
1620114848811 0.0 632
1620114848869 0.0 633
1620114848932 0.0 634
1620114848989 0.0 635
1620114849001 0.0 636
1620114849022 0.0 637
1620114849083 0.0 638
1620114849103 0.0 639
1620114849131 0.0 640
1620114849144 0.0 641
1620114849215 0.0 642
1620114849275 0.0 643
1620114849680 0.0 644
1620114849731 0.0 645
1620114849743 0.0 646
1620114849791 0.0 647
1620114849882 0.0 648
1620114849949 0.0 649
1620114849982 0.0 650
1620114850032 1.0 651
1620114850049 0.0 652
1620114850099 0.0 653
1620114850149 0.0 654
1620114850183 0.0 655
1620114850232 0.0 656
1620114850315 0.0 657
1620114850332 0.0 658
1620114850383 0.0 659
1620114850399 0.0 660
1620114850432 0.0 661
1620114850485 0.0 662
1620114850504 0.0 663
1620114850524 0.0 664
1620114850566 0.0 665
1620114850595 0.0 666
1620114850607 0.0 667
1620114850646 0.0 668
1620114850656 0.0 669
1620114850709 0.0 670
1620114850729 0.0 671
1620114850749 0.0 672
1620114850818 0.0 673
1620114850871 1.0 674
1620114850889 0.0 675
1620114850940 0.0 676
1620114851032 0.0 677
1620114851123 0.0 678
1620114851166 0.0 679
1620114851217 0.0 680
1620114851237 0.0 681
1620114851258 0.0 682
1620114851288 0.0 683
1620114851322 0.0 684
1620114851420 0.0 685
1620114851449 0.0 686
1620114851489 0.0 687
1620114851665 0.0 688
1620114851704 0.0 689
1620114851725 0.0 690
1620114851764 0.0 691
1620114851786 0.0 692
1620114851808 0.0 693
1620114851820 0.0 694
1620114851895 0.0 695
1620114851928 0.0 696
1620114851987 0.0 697
1620114852007 0.0 698
1620114852048 0.0 699
1620114852070 0.0 700
1620114852099 0.0 701
1620114852159 0.0 702
1620114852171 0.0 703
1620114852202 0.0 704
1620114852232 0.0 705
1620114852265 0.0 706
1620114852385 0.0 707
1620114852416 0.0 708
1620114852548 0.0 709
1620114852577 0.0 710
1620114852640 0.0 711
1620114852682 0.0 712
1620114852800 1.0 713
1620114852821 0.0 714
1620114852917 0.0 715
1620114852964 0.0 716
1620114852996 0.0 717
1620114853002 0.0 718
1620114853081 0.0 719
1620114853114 0.0 720
1620114853158 0.0 721
1620114853200 0.0 722
1620114853286 0.0 723
1620114853332 0.0 724
1620114853382 0.0 725
1620114853461 0.0 726
1620114853492 0.0 727
1620114853530 0.0 728
1620114853546 0.0 729
1620114853606 0.0 730
1620114853637 0.0 731
1620114853666 0.0 732
1620114853716 0.0 733
1620114853765 0.0 734
1620114853799 0.0 735
1620114853849 0.0 736
1620114853872 0.0 737
1620114853965 0.0 738
1620114853982 0.0 739
1620114854050 0.0 740
1620114854065 0.0 741
1620114854123 0.0 742
1620114854144 0.0 743
1620114854257 0.0 744
1620114854277 0.0 745
1620114854307 0.0 746
1620114854356 0.0 747
1620114854510 0.0 748
1620114854637 0.0 749
1620114854723 0.0 750
1620114854780 0.0 751
1620114854797 0.0 752
1620114854918 0.0 753
1620114854946 0.0 754
1620114854987 0.0 755
1620114855056 0.0 756
1620114855133 0.0 757
1620114855166 0.0 758
1620114855250 0.0 759
1620114855282 0.0 760
1620114855330 0.0 761
1620114855349 0.0 762
1620114855404 0.0 763
1620114855557 0.0 764
1620114855631 0.0 765
1620114855669 0.0 766
1620114855691 0.0 767
1620114855720 0.0 768
1620114855804 0.0 769
1620114855819 0.0 770
1620114855868 0.0 771
1620114855919 0.0 772
1620114855976 0.0 773
1620114856035 0.0 774
1620114856115 0.0 775
1620114856150 0.0 776
1620114856190 0.0 777
1620114856223 0.0 778
1620114856281 0.0 779
1620114856399 0.0 780
1620114856486 0.0 781
1620114856512 0.0 782
1620114856573 0.0 783
1620114856634 0.0 784
1620114856684 0.0 785
1620114856696 0.0 786
1620114856778 0.0 787
1620114856889 0.0 788
1620114856909 0.0 789
1620114856950 0.0 790
1620114857019 0.0 791
1620114857032 0.0 792
1620114857062 0.0 793
1620114857070 0.0 794
1620114857164 0.0 795
1620114857201 0.0 796
1620114857223 0.0 797
1620114857264 0.0 798
1620114857304 0.0 799
1620114857325 0.0 800
1620114857370 0.0 801
1620114857399 0.0 802
1620114857482 0.0 803
1620114857507 0.0 804
1620114857535 0.0 805
1620114857566 0.0 806
1620114857689 0.0 807
1620114857707 0.0 808
1620114857750 0.0 809
1620114857819 0.0 810
1620114857892 0.0 811
1620114857943 0.0 812
1620114857973 0.0 813
1620114858012 0.0 814
1620114858023 0.0 815
1620114858036 0.0 816
1620114858073 0.0 817
1620114858101 0.0 818
1620114858186 0.0 819
1620114858200 0.0 820
1620114858224 0.0 821
1620114858248 0.0 822
1620114858282 0.0 823
1620114858282 0.0 824
1620114858315 0.0 825
1620114858332 0.0 826
1620114858365 0.0 827
1620114858382 0.0 828
1620114858424 0.0 829
1620114858502 0.0 830
1620114858546 0.0 831
1620114858587 0.0 832
1620114858626 0.0 833
1620114858638 0.0 834
1620114858668 0.0 835
1620114858696 0.0 836
1620114858722 0.0 837
1620114858818 0.0 838
1620114858860 0.0 839
1620114858936 0.0 840
1620114859097 0.0 841
1620114859244 0.0 842
1620114859350 0.0 843
1620114859376 0.0 844
1620114859404 0.0 845
1620114859451 0.0 846
1620114859625 0.0 847
1620114859702 0.0 848
1620114859745 0.0 849
1620114859760 0.0 850
1620114859810 0.0 851
1620114859850 0.0 852
1620114859865 0.0 853
1620114859904 0.0 854
1620114859932 0.0 855
1620114860103 0.0 856
1620114860126 0.0 857
1620114860199 0.0 858
1620114860215 0.0 859
1620114860283 0.0 860
1620114860316 0.0 861
1620114860357 0.0 862
1620114860439 0.0 863
1620114860459 0.0 864
1620114860508 0.0 865
1620114860520 0.0 866
1620114860609 0.0 867
1620114860631 0.0 868
1620114860666 0.0 869
1620114860703 0.0 870
1620114860784 0.0 871
1620114860831 0.0 872
1620114860865 0.0 873
1620114860936 0.0 874
1620114860966 0.0 875
1620114861006 0.0 876
1620114861025 0.0 877
1620114861047 0.0 878
1620114861110 0.0 879
1620114861157 0.0 880
1620114861215 0.0 881
1620114861342 0.0 882
1620114861424 0.0 883
1620114861449 0.0 884
1620114861475 0.0 885
1620114861499 0.0 886
1620114861536 0.0 887
1620114861607 0.0 888
1620114861632 0.0 889
1620114861666 0.0 890
1620114861682 0.0 891
1620114861885 0.0 892
1620114861911 0.0 893
1620114861970 0.0 894
1620114862021 0.0 895
1620114862033 0.0 896
1620114862063 0.0 897
1620114862083 0.0 898
1620114862148 0.0 899
1620114862165 0.0 900
1620114862195 0.0 901
1620114862236 0.0 902
1620114862267 0.0 903
1620114862317 0.0 904
1620114862348 0.0 905
1620114862389 0.0 906
1620114862405 0.0 907
1620114862439 0.0 908
1620114862510 0.0 909
1620114862539 0.0 910
1620114862569 0.0 911
1620114862582 0.0 912
1620114862611 0.0 913
1620114862653 0.0 914
1620114862672 0.0 915
1620114862702 0.0 916
1620114862733 0.0 917
1620114862773 0.0 918
1620114862815 0.0 919
1620114862844 0.0 920
1620114862865 0.0 921
1620114862965 0.0 922
1620114863004 0.0 923
1620114863017 0.0 924
1620114863032 0.0 925
1620114863057 0.0 926
1620114863082 0.0 927
1620114863135 0.0 928
1620114863170 1.0 929
1620114863251 0.0 930
1620114863282 0.0 931
1620114863330 0.0 932
1620114863362 0.0 933
1620114863443 1.0 934
1620114863472 0.0 935
1620114863498 0.0 936
1620114863524 0.0 937
1620114863563 0.0 938
1620114863583 0.0 939
1620114863599 0.0 940
1620114863626 0.0 941
1620114863748 0.0 942
1620114863799 0.0 943
1620114863808 0.0 944
1620114863879 0.0 945
1620114863927 0.0 946
1620114863947 0.0 947
1620114863970 0.0 948
1620114864020 0.0 949
1620114864082 0.0 950
1620114864145 0.0 951
1620114864162 0.0 952
1620114864203 0.0 953
1620114864242 0.0 954
1620114864262 0.0 955
1620114864325 0.0 956
1620114864374 0.0 957
1620114864421 0.0 958
1620114864459 0.0 959
1620114864475 0.0 960
1620114864543 0.0 961
1620114864600 0.0 962
1620114864649 0.0 963
1620114864682 0.0 964
1620114864744 0.0 965
1620114864765 0.0 966
1620114864799 0.0 967
1620114864899 0.0 968
1620114865069 0.0 969
1620114865109 0.0 970
1620114865142 0.0 971
1620114865166 0.0 972
1620114865199 0.0 973
1620114865268 1.0 974
1620114865299 0.0 975
1620114865339 0.0 976
1620114865349 0.0 977
1620114865369 0.0 978
1620114865388 0.0 979
1620114865400 0.0 980
1620114865420 0.0 981
1620114865441 0.0 982
1620114865512 0.0 983
1620114865522 0.0 984
1620114865632 0.0 985
1620114865654 0.0 986
1620114865692 0.0 987
1620114865773 0.0 988
1620114865846 0.0 989
1620114865865 0.0 990
1620114865877 0.0 991
1620114865918 0.0 992
1620114865938 0.0 993
1620114865958 0.0 994
1620114865979 0.0 995
1620114866009 0.0 996
1620114866038 0.0 997
1620114866080 0.0 998
1620114866165 0.0 999
1620114866231 0.0 1000
1620114866274 0.0 1001
1620114866294 0.0 1002
1620114866353 0.0 1003
1620114866365 0.0 1004
1620114866385 0.0 1005
1620114866426 0.0 1006
1620114866447 0.0 1007
1620114866497 0.0 1008
1620114866526 0.0 1009
1620114866819 0.0 1010
1620114866832 0.0 1011
1620114866931 0.0 1012
1620114867014 1.0 1013
1620114867063 0.0 1014
1620114867082 0.0 1015
1620114867122 0.0 1016
1620114867177 1.0 1017
1620114867205 0.0 1018
1620114867245 0.0 1019
1620114867258 0.0 1020
1620114867288 0.0 1021
1620114867365 0.0 1022
1620114867390 0.0 1023
1620114867409 0.0 1024
1620114867452 0.0 1025
1620114867462 0.0 1026
1620114867531 0.0 1027
1620114867573 0.0 1028
1620114867584 0.0 1029
1620114867636 0.0 1030
1620114867649 0.0 1031
1620114867682 0.0 1032
1620114867682 0.0 1033
1620114867732 0.0 1034
1620114867762 0.0 1035
1620114867782 0.0 1036
1620114867832 0.0 1037
1620114867848 0.0 1038
1620114867899 0.0 1039
1620114867922 0.0 1040
1620114867945 0.0 1041
1620114867996 0.0 1042
1620114868209 0.0 1043
1620114868237 0.0 1044
1620114868285 0.0 1045
1620114868305 0.0 1046
1620114868335 0.0 1047
1620114868370 0.0 1048
1620114868399 0.0 1049
1620114868418 0.0 1050
1620114868465 0.0 1051
1620114868519 0.0 1052
1620114868564 0.0 1053
1620114868592 0.0 1054
1620114868757 1.0 1055
1620114868789 0.0 1056
1620114868848 0.0 1057
1620114868888 0.0 1058
1620114868913 0.0 1059
1620114868940 0.0 1060
1620114869124 0.0 1061
1620114869186 0.0 1062
1620114869214 0.0 1063
1620114869241 0.0 1064
1620114869310 1.0 1065
1620114869362 0.0 1066
1620114869432 0.0 1067
1620114869493 0.0 1068
1620114869590 0.0 1069
1620114869692 1.0 1070
1620114869705 0.0 1071
1620114869799 0.0 1072
1620114869871 0.0 1073
1620114869899 0.0 1074
1620114869925 0.0 1075
1620114869967 0.0 1076
1620114869996 0.0 1077
1620114870041 0.0 1078
1620114870137 0.0 1079
1620114870362 1.0 1080
1620114870387 0.0 1081
1620114870432 0.0 1082
1620114870449 0.0 1083
1620114870516 1.0 1084
1620114870516 0.0 1085
1620114870532 0.0 1086
1620114870565 0.0 1087
1620114870595 0.0 1088
1620114870613 0.0 1089
1620114870638 0.0 1090
1620114870725 0.0 1091
1620114870767 0.0 1092
1620114870810 0.0 1093
1620114870845 0.0 1094
1620114870863 0.0 1095
1620114870891 0.0 1096
1620114871042 0.0 1097
1620114871088 1.0 1098
1620114871121 0.0 1099
1620114871153 0.0 1100
1620114871182 0.0 1101
1620114871232 0.0 1102
1620114871331 0.0 1103
1620114871369 0.0 1104
1620114871474 0.0 1105
1620114871524 0.0 1106
1620114871534 0.0 1107
1620114871615 1.0 1108
1620114871694 0.0 1109
1620114871849 0.0 1110
1620114871947 1.0 1111
1620114871959 0.0 1112
1620114871986 0.0 1113
1620114872115 1.0 1114
1620114872140 0.0 1115
1620114872210 1.0 1116
1620114872230 0.0 1117
1620114872241 0.0 1118
1620114872279 0.0 1119
1620114872322 1.0 1120
1620114872414 1.0 1121
1620114872527 0.0 1122
1620114872583 0.0 1123
1620114872605 0.0 1124
1620114872656 0.0 1125
1620114872666 0.0 1126
1620114872684 0.0 1127
1620114872704 0.0 1128
1620114872858 0.0 1129
1620114872889 0.0 1130
1620114872919 0.0 1131
1620114872940 0.0 1132
1620114872983 1.0 1133
1620114873011 0.0 1134
1620114873037 0.0 1135
1620114873061 0.0 1136
1620114873345 0.0 1137
1620114873365 0.0 1138
1620114873385 0.0 1139
1620114873416 0.0 1140
1620114873436 0.0 1141
1620114873538 1.0 1142
1620114873576 0.0 1143
1620114873852 1.0 1144
1620114873880 0.0 1145
1620114873950 1.0 1146
1620114873966 0.0 1147
1620114873983 0.0 1148
1620114874173 1.0 1149
1620114874204 0.0 1150
1620114874226 0.0 1151
1620114874533 0.0 1152
1620114874546 0.0 1153
1620114874571 0.0 1154
1620114874586 0.0 1155
1620114874643 1.0 1156
1620114874661 0.0 1157
1620114874676 0.0 1158
1620114874790 0.0 1159
1620114874889 1.0 1160
1620114874932 0.0 1161
1620114874980 1.0 1162
1620114875009 0.0 1163
1620114875039 0.0 1164
1620114875078 0.0 1165
1620114875106 0.0 1166
1620114875155 1.0 1167
1620114875187 0.0 1168
1620114875201 0.0 1169
1620114875227 0.0 1170
1620114875299 1.0 1171
1620114875327 0.0 1172
1620114875509 1.0 1173
1620114875599 1.0 1174
1620114875641 0.0 1175
1620114875682 0.0 1176
1620114875765 1.0 1177
1620114875933 1.0 1178
1620114876065 0.0 1179
1620114876082 0.0 1180
1620114876100 0.0 1181
1620114876215 1.0 1182
1620114876242 0.0 1183
1620114876266 0.0 1184
1620114876315 1.0 1185
1620114876617 1.0 1186
1620114876638 0.0 1187
1620114876650 0.0 1188
1620114876670 0.0 1189
1620114876701 0.0 1190
1620114876715 0.0 1191
1620114876733 0.0 1192
1620114876933 1.0 1193
1620114876948 0.0 1194
1620114876964 0.0 1195
1620114876999 0.0 1196
1620114877015 0.0 1197
1620114877232 1.0 1198
1620114877337 0.0 1199
1620114877644 0.0 1200
1620114877934 0.0 1201
1620114878220 0.0 1202
1620114878242 0.0 1203
1620114878513 1.0 1204
1620114878535 0.0 1205
1620114878677 1.0 1206
1620114878757 1.0 1207
1620114878769 0.0 1208
1620114878962 1.0 1209
1620114878983 0.0 1210
1620114878997 0.0 1211
1620114879003 0.0 1212
1620114879042 0.0 1213
1620114879065 0.0 1214
1620114879103 0.0 1215
1620114879132 0.0 1216
1620114879226 1.0 1217
1620114879237 0.0 1218
1620114879268 0.0 1219
1620114879360 1.0 1220
1620114879573 0.0 1221
1620114879608 0.0 1222
1620114879644 0.0 1223
1620114879872 1.0 1224
1620114879897 0.0 1225
1620114879923 0.0 1226
1620114879945 0.0 1227
1620114879967 0.0 1228
1620114879999 0.0 1229
1620114880108 1.0 1230
1620114880129 0.0 1231
1620114880402 1.0 1232
1620114880615 1.0 1233
1620114880628 0.0 1234
1620114880644 0.0 1235
1620114880791 1.0 1236
1620114880902 1.0 1237
1620114880954 0.0 1238
1620114881066 1.0 1239
1620114881090 0.0 1240
1620114881150 0.0 1241
1620114881184 0.0 1242
1620114881232 0.0 1243
1620114881371 1.0 1244
1620114881395 0.0 1245
1620114881470 1.0 1246
1620114881532 1.0 1247
1620114881549 0.0 1248
1620114881882 1.0 1249
1620114881925 0.0 1250
1620114881944 0.0 1251
1620114881967 0.0 1252
1620114881983 0.0 1253
1620114882031 0.0 1254
1620114882048 0.0 1255
1620114882082 0.0 1256
1620114882149 1.0 1257
1620114882178 0.0 1258
1620114882188 0.0 1259
1620114882295 1.0 1260
1620114882314 0.0 1261
1620114882334 0.0 1262
1620114882369 0.0 1263
1620114882395 0.0 1264
1620114882459 1.0 1265
1620114882529 1.0 1266
1620114882565 1.0 1267
1620114882670 1.0 1268
1620114882684 0.0 1269
1620114882925 1.0 1270
1620114883129 1.0 1271
1620114883147 0.0 1272
1620114883159 0.0 1273
1620114883220 1.0 1274
1620114883249 0.0 1275
1620114883634 0.0 1276
1620114883847 1.0 1277
1620114884029 1.0 1278
1620114884138 1.0 1279
1620114884163 0.0 1280
1620114884182 0.0 1281
1620114884402 1.0 1282
1620114884427 0.0 1283
1620114884454 0.0 1284
1620114884649 1.0 1285
1620114884703 0.0 1286
1620114884736 1.0 1287
1620114884756 0.0 1288
1620114884929 1.0 1289
1620114884985 1.0 1290
1620114885085 1.0 1291
1620114885132 1.0 1292
1620114885202 1.0 1293
1620114885222 0.0 1294
1620114885259 0.0 1295
1620114885332 0.0 1296
1620114885353 0.0 1297
1620114885643 0.0 1298
1620114885862 1.0 1299
1620114885946 1.0 1300
1620114885958 0.0 1301
1620114886050 1.0 1302
1620114886133 1.0 1303
1620114886358 1.0 1304
1620114886465 1.0 1305
1620114886493 0.0 1306
1620114886519 0.0 1307
1620114886653 1.0 1308
1620114886880 1.0 1309
1620114886902 0.0 1310
1620114886922 0.0 1311
1620114886937 0.0 1312
1620114886966 0.0 1313
1620114886982 0.0 1314
1620114886999 0.0 1315
1620114887238 1.0 1316
1620114887276 0.0 1317
1620114887434 1.0 1318
1620114887515 1.0 1319
1620114887550 0.0 1320
1620114887765 1.0 1321
1620114887851 1.0 1322
1620114887963 1.0 1323
1620114888113 1.0 1324
1620114888125 0.0 1325
1620114888164 0.0 1326
1620114888317 1.0 1327
1620114888580 1.0 1328
1620114888803 1.0 1329
1620114888864 0.0 1330
1620114888955 1.0 1331
1620114888996 0.0 1332
1620114889062 1.0 1333
1620114889252 0.0 1334
1620114889482 1.0 1335
1620114889519 0.0 1336
1620114889803 1.0 1337
1620114889915 1.0 1338
1620114889967 1.0 1339
1620114890049 1.0 1340
1620114890115 1.0 1341
1620114890145 0.0 1342
1620114890166 0.0 1343
1620114890196 0.0 1344
1620114890317 1.0 1345
1620114890451 1.0 1346
1620114890471 0.0 1347
1620114890552 1.0 1348
1620114890641 1.0 1349
1620114890664 0.0 1350
1620114890765 1.0 1351
1620114890786 0.0 1352
1620114891091 0.0 1353
1620114891150 1.0 1354
1620114891165 0.0 1355
1620114891182 0.0 1356
1620114891198 0.0 1357
1620114891232 0.0 1358
1620114891248 0.0 1359
1620114891262 0.0 1360
1620114891292 0.0 1361
1620114891373 1.0 1362
1620114891406 0.0 1363
1620114891538 0.0 1364
1620114891615 1.0 1365
1620114891649 0.0 1366
1620114891762 1.0 1367
1620114891793 0.0 1368
1620114891813 0.0 1369
1620114891884 1.0 1370
1620114892043 1.0 1371
1620114892060 0.0 1372
1620114892079 0.0 1373
1620114892099 0.0 1374
1620114892115 0.0 1375
1620114892129 0.0 1376
1620114892166 0.0 1377
1620114892186 0.0 1378
1620114892206 0.0 1379
1620114892225 0.0 1380
1620114892377 1.0 1381
1620114892532 1.0 1382
1620114892721 1.0 1383
1620114892882 1.0 1384
1620114892900 0.0 1385
1620114893123 1.0 1386
1620114893162 0.0 1387
1620114893189 0.0 1388
1620114893220 0.0 1389
1620114893403 1.0 1390
1620114893535 1.0 1391
1620114893557 0.0 1392
1620114893577 0.0 1393
1620114893598 0.0 1394
1620114893618 0.0 1395
1620114893687 1.0 1396
1620114893700 0.0 1397
1620114893718 0.0 1398
1620114893809 1.0 1399
1620114893821 0.0 1400
1620114893840 0.0 1401
1620114893862 0.0 1402
1620114893891 0.0 1403
1620114893972 1.0 1404
1620114893992 0.0 1405
1620114894015 0.0 1406
1620114894308 0.0 1407
1620114894399 1.0 1408
1620114894508 1.0 1409
1620114894540 0.0 1410
1620114894834 0.0 1411
1620114894949 1.0 1412
1620114895231 0.0 1413
1620114895250 0.0 1414
1620114895275 0.0 1415
1620114895353 1.0 1416
1620114895365 0.0 1417
1620114895383 0.0 1418
1620114895411 0.0 1419
1620114895582 1.0 1420
1620114895686 1.0 1421
1620114895970 0.0 1422
1620114895990 0.0 1423
1620114896194 1.0 1424
1620114896214 0.0 1425
1620114896397 1.0 1426
1620114896478 1.0 1427
1620114896509 0.0 1428
1620114896537 0.0 1429
1620114896849 1.0 1430
1620114896946 1.0 1431
1620114897037 1.0 1432
1620114897057 0.0 1433
1620114897078 0.0 1434
1620114897118 0.0 1435
1620114897149 0.0 1436
1620114897159 0.0 1437
1620114897189 0.0 1438
1620114897362 1.0 1439
1620114897392 0.0 1440
1620114897433 0.0 1441
1620114897461 0.0 1442
1620114897574 1.0 1443
1620114897584 0.0 1444
1620114897635 1.0 1445
1620114897715 1.0 1446
1620114897784 1.0 1447
1620114897995 1.0 1448
1620114898081 1.0 1449
1620114898307 1.0 1450
1620114898332 0.0 1451
1620114898409 1.0 1452
1620114898608 1.0 1453
1620114898715 1.0 1454
1620114899012 0.0 1455
1620114899034 0.0 1456
1620114899199 1.0 1457
1620114899305 1.0 1458
1620114899788 1.0 1459
1620114899898 1.0 1460
1620114899985 1.0 1461
1620114900188 1.0 1462
1620114900231 0.0 1463
1620114900458 1.0 1464
1620114900566 1.0 1465
1620114900617 0.0 1466
1620114900858 1.0 1467
1620114900914 0.0 1468
1620114900927 0.0 1469
1620114901126 1.0 1470
1620114901215 1.0 1471
1620114901249 0.0 1472
1620114901532 0.0 1473
1620114901616 1.0 1474
1620114901793 1.0 1475
1620114901881 0.0 1476
1620114901936 1.0 1477
1620114901982 0.0 1478
1620114902129 1.0 1479
1620114902232 1.0 1480
1620114902351 1.0 1481
1620114902679 0.0 1482
1620114902759 1.0 1483
1620114902906 1.0 1484
1620114902949 0.0 1485
1620114902965 0.0 1486
1620114902999 0.0 1487
1620114903032 0.0 1488
1620114903082 1.0 1489
1620114903411 0.0 1490
1620114903736 0.0 1491
1620114904066 0.0 1492
1620114904305 1.0 1493
1620114904349 0.0 1494
1620114904607 1.0 1495
1620114904701 1.0 1496
1620114904769 1.0 1497
1620114904828 1.0 1498
1620114904876 0.0 1499
1620114905055 1.0 1500
1620114905206 1.0 1501
1620114905355 1.0 1502
1620114905577 1.0 1503
1620114905860 1.0 1504
1620114905921 1.0 1505
1620114905972 0.0 1506
1620114905990 0.0 1507
1620114906290 0.0 1508
1620114906362 1.0 1509
1620114906591 1.0 1510
1620114906608 0.0 1511
1620114906642 0.0 1512
1620114906691 0.0 1513
1620114906799 1.0 1514
1620114907115 1.0 1515
1620114907215 1.0 1516
1620114907265 1.0 1517
1620114907345 0.0 1518
1620114907669 0.0 1519
1620114907704 0.0 1520
1620114907806 1.0 1521
1620114908044 1.0 1522
1620114908349 0.0 1523
1620114908644 0.0 1524
1620114908705 0.0 1525
1620114908858 1.0 1526
1620114908939 1.0 1527
1620114908957 0.0 1528
1620114909086 1.0 1529
1620114909221 1.0 1530
1620114909386 1.0 1531
1620114909475 1.0 1532
1620114909515 0.0 1533
1620114909568 1.0 1534
1620114909762 1.0 1535
1620114910048 1.0 1536
1620114910268 1.0 1537
1620114910491 1.0 1538
1620114910655 1.0 1539
1620114910849 1.0 1540
1620114911016 1.0 1541
1620114911048 1.0 1542
1620114911199 1.0 1543
1620114911387 1.0 1544
1620114911585 1.0 1545
1620114911766 1.0 1546
1620114911832 1.0 1547
1620114911996 1.0 1548
1620114912068 1.0 1549
1620114912215 1.0 1550
1620114912282 1.0 1551
1620114912399 1.0 1552
1620114912686 0.0 1553
1620114912788 1.0 1554
1620114912993 1.0 1555
1620114913184 1.0 1556
1620114913465 0.0 1557
1620114913732 1.0 1558
1620114913832 0.0 1559
1620114913880 1.0 1560
1620114913933 1.0 1561
1620114914004 1.0 1562
1620114914118 1.0 1563
1620114914288 1.0 1564
1620114914470 1.0 1565
1620114914519 0.0 1566
1620114914824 0.0 1567
1620114914895 1.0 1568
1620114915005 1.0 1569
1620114915115 1.0 1570
1620114915199 1.0 1571
1620114915325 1.0 1572
1620114915430 1.0 1573
1620114916021 0.0 1574
1620114916332 0.0 1575
1620114916449 1.0 1576
1620114916738 1.0 1577
1620114916833 1.0 1578
1620114916918 1.0 1579
1620114916959 1.0 1580
1620114917154 1.0 1581
1620114917255 0.0 1582
1620114917438 1.0 1583
1620114917565 1.0 1584
1620114917732 1.0 1585
1620114917854 1.0 1586
1620114917953 1.0 1587
1620114918032 1.0 1588
1620114918329 0.0 1589
1620114918431 1.0 1590
1620114918632 1.0 1591
1620114918795 1.0 1592
1620114918826 0.0 1593
1620114918856 0.0 1594
1620114918940 1.0 1595
1620114918985 0.0 1596
1620114919098 1.0 1597
1620114919165 1.0 1598
1620114919335 1.0 1599
1620114919538 1.0 1600
1620114919672 1.0 1601
1620114919781 1.0 1602
1620114919886 1.0 1603
1620114920206 0.0 1604
1620114920233 0.0 1605
1620114920404 1.0 1606
1620114920557 1.0 1607
1620114920676 1.0 1608
1620114920806 1.0 1609
1620114920938 1.0 1610
1620114921116 1.0 1611
1620114921357 1.0 1612
1620114921550 1.0 1613
1620114921720 1.0 1614
1620114921744 0.0 1615
1620114921910 1.0 1616
1620114921977 1.0 1617
1620114922314 0.0 1618
1620114922611 1.0 1619
1620114922749 1.0 1620
1620114922821 0.0 1621
1620114922849 0.0 1622
1620114922999 1.0 1623
1620114923271 1.0 1624
1620114923585 0.0 1625
1620114923748 1.0 1626
1620114923982 1.0 1627
1620114924301 0.0 1628
1620114924403 1.0 1629
1620114924563 1.0 1630
1620114924876 0.0 1631
1620114924964 1.0 1632
1620114925132 1.0 1633
1620114925431 1.0 1634
1620114925487 1.0 1635
1620114925633 1.0 1636
1620114925725 1.0 1637
1620114925970 1.0 1638
1620114926226 1.0 1639
1620114926402 1.0 1640
1620114926572 1.0 1641
1620114926682 1.0 1642
1620114926787 1.0 1643
1620114926800 0.0 1644
1620114926869 1.0 1645
1620114927015 1.0 1646
1620114927183 1.0 1647
1620114927472 1.0 1648
1620114927579 1.0 1649
1620114927766 1.0 1650
1620114927949 1.0 1651
1620114928007 1.0 1652
1620114928265 1.0 1653
1620114928364 1.0 1654
1620114928505 1.0 1655
1620114928599 1.0 1656
1620114928750 1.0 1657
1620114928954 1.0 1658
1620114929113 1.0 1659
1620114929208 1.0 1660
1620114929397 1.0 1661
1620114929499 1.0 1662
1620114929606 1.0 1663
1620114929757 1.0 1664
1620114929872 1.0 1665
1620114929925 1.0 1666
1620114930049 1.0 1667
1620114930082 0.0 1668
1620114930202 1.0 1669
1620114930243 1.0 1670
1620114930482 1.0 1671
1620114930568 1.0 1672
1620114930778 1.0 1673
1620114930992 1.0 1674
1620114931318 0.0 1675
1620114931671 0.0 1676
1620114931771 1.0 1677
1620114931915 1.0 1678
1620114932035 1.0 1679
1620114932820 1.0 1680
1620114932882 1.0 1681
1620114932965 1.0 1682
1620114933125 1.0 1683
1620114933216 1.0 1684
1620114933576 0.0 1685
1620114933885 0.0 1686
1620114933959 1.0 1687
1620114934281 0.0 1688
1620114934585 0.0 1689
1620114934825 1.0 1690
1620114934948 1.0 1691
1620114935033 1.0 1692
1620114935163 1.0 1693
1620114935365 1.0 1694
1620114935594 1.0 1695
1620114935634 0.0 1696
1620114935705 1.0 1697
1620114935866 1.0 1698
1620114935975 1.0 1699
1620114936099 1.0 1700
1620114936179 1.0 1701
1620114936361 1.0 1702
1620114936432 1.0 1703
1620114936614 1.0 1704
1620114936722 1.0 1705
1620114936917 1.0 1706
1620114937089 1.0 1707
1620114937219 1.0 1708
1620114937241 0.0 1709
1620114937382 1.0 1710
1620114937682 0.0 1711
1620114937882 1.0 1712
1620114937970 1.0 1713
1620114938066 1.0 1714
1620114938115 1.0 1715
1620114938217 1.0 1716
1620114938465 1.0 1717
1620114938572 1.0 1718
1620114938684 1.0 1719
1620114938877 1.0 1720
1620114939009 1.0 1721
1620114939169 1.0 1722
1620114939242 1.0 1723
1620114939486 1.0 1724
1620114939689 1.0 1725
1620114939820 1.0 1726
1620114939961 1.0 1727
1620114940248 0.0 1728
1620114940329 1.0 1729
1620114940532 1.0 1730
1620114940774 1.0 1731
1620114940916 1.0 1732
1620114941110 1.0 1733
1620114941289 1.0 1734
1620114941382 1.0 1735
1620114941534 1.0 1736
1620114941604 1.0 1737
1620114941699 1.0 1738
1620114941777 1.0 1739
1620114941848 1.0 1740
1620114942021 1.0 1741
1620114942121 1.0 1742
1620114942408 0.0 1743
1620114942439 0.0 1744
1620114942732 0.0 1745
1620114942850 1.0 1746
1620114942965 1.0 1747
1620114943227 1.0 1748
1620114943532 0.0 1749
1620114943621 1.0 1750
1620114943743 1.0 1751
1620114943834 1.0 1752
1620114944007 1.0 1753
1620114944305 0.0 1754
1620114944336 0.0 1755
1620114944442 1.0 1756
1620114944563 1.0 1757
1620114944604 0.0 1758
1620114944695 1.0 1759
1620114944736 0.0 1760
1620114944969 1.0 1761
1620114945070 1.0 1762
1620114945110 1.0 1763
1620114945456 0.0 1764
1620114945618 1.0 1765
1620114945732 1.0 1766
1620114945765 1.0 1767
1620114945966 1.0 1768
1620114946052 1.0 1769
1620114946185 1.0 1770
1620114946500 0.0 1771
1620114946649 1.0 1772
1620114946820 1.0 1773
1620114947122 0.0 1774
1620114947345 1.0 1775
1620114947367 0.0 1776
1620114947449 1.0 1777
1620114947560 1.0 1778
1620114947623 1.0 1779
1620114947707 1.0 1780
1620114947799 1.0 1781
1620114947882 1.0 1782
1620114948054 1.0 1783
1620114948658 1.0 1784
1620114948778 1.0 1785
1620114948862 1.0 1786
1620114948902 0.0 1787
1620114948932 0.0 1788
1620114948982 1.0 1789
1620114949103 1.0 1790
1620114949237 1.0 1791
1620114949379 0.0 1792
1620114949500 1.0 1793
1620114949660 1.0 1794
1620114949944 0.0 1795
1620114950056 1.0 1796
1620114950205 1.0 1797
1620114950343 1.0 1798
1620114950415 1.0 1799
1620114950511 1.0 1800
1620114950563 0.0 1801
1620114950658 1.0 1802
1620114950721 1.0 1803
1620114950983 1.0 1804
1620114951022 0.0 1805
1620114951103 1.0 1806
1620114951126 0.0 1807
1620114951166 0.0 1808
1620114951297 1.0 1809
1620114951407 1.0 1810
1620114951490 0.0 1811
1620114951520 0.0 1812
1620114951642 1.0 1813
1620114951955 0.0 1814
1620114952252 1.0 1815
1620114952373 1.0 1816
1620114952598 1.0 1817
1620114952805 1.0 1818
1620114952878 1.0 1819
1620114953031 1.0 1820
1620114953059 0.0 1821
1620114953130 1.0 1822
1620114953150 0.0 1823
1620114953315 1.0 1824
1620114953345 0.0 1825
1620114953610 1.0 1826
1620114953650 1.0 1827
1620114953882 1.0 1828
1620114953921 1.0 1829
1620114954116 1.0 1830
1620114954338 1.0 1831
1620114954470 1.0 1832
1620114954570 1.0 1833
1620114954673 1.0 1834
1620114954877 1.0 1835
1620114955159 1.0 1836
1620114955230 1.0 1837
1620114955373 1.0 1838
1620114955454 1.0 1839
1620114955527 1.0 1840
1620114955647 1.0 1841
1620114955739 1.0 1842
1620114955802 1.0 1843
1620114955985 1.0 1844
1620114956208 1.0 1845
1620114956270 1.0 1846
1620114956288 0.0 1847
1620114956544 1.0 1848
1620114956848 0.0 1849
1620114956982 1.0 1850
1620114957089 1.0 1851
1620114957253 1.0 1852
1620114957375 1.0 1853
1620114957416 1.0 1854
1620114957477 1.0 1855
1620114957771 0.0 1856
1620114957900 1.0 1857
1620114958193 0.0 1858
1620114958306 0.0 1859
1620114958427 1.0 1860
1620114958468 0.0 1861
1620114958549 1.0 1862
1620114958740 1.0 1863
1620114958925 1.0 1864
1620114959068 1.0 1865
1620114959220 1.0 1866
1620114959351 1.0 1867
1620114959412 1.0 1868
1620114959524 1.0 1869
1620114959605 1.0 1870
1620114959866 1.0 1871
1620114960163 0.0 1872
1620114960326 1.0 1873
1620114960487 1.0 1874
1620114960587 1.0 1875
1620114960883 0.0 1876
1620114960915 0.0 1877
1620114960975 1.0 1878
1620114961034 1.0 1879
1620114961125 1.0 1880
1620114961308 1.0 1881
1620114961550 1.0 1882
1620114961773 1.0 1883
1620114961917 1.0 1884
1620114962100 1.0 1885
1620114962404 1.0 1886
1620114962474 1.0 1887
1620114962588 1.0 1888
1620114962881 0.0 1889
1620114962985 1.0 1890
1620114963016 0.0 1891
1620114963179 1.0 1892
1620114963291 1.0 1893
1620114963586 0.0 1894
1620114964312 1.0 1895
1620114964524 1.0 1896
1620114964607 1.0 1897
1620114964709 1.0 1898
1620114964800 1.0 1899
1620114965023 1.0 1900
1620114965297 1.0 1901
1620114965408 1.0 1902
1620114965640 1.0 1903
1620114965812 1.0 1904
1620114965913 1.0 1905
1620114966206 0.0 1906
1620114966267 1.0 1907
1620114966355 1.0 1908
1620114966467 1.0 1909
1620114966591 1.0 1910
1620114966650 0.0 1911
1620114966784 1.0 1912
1620114966845 1.0 1913
1620114966896 0.0 1914
1620114967120 1.0 1915
1620114967209 1.0 1916
1620114967282 1.0 1917
1620114967575 0.0 1918
1620114967836 1.0 1919
1620114967888 1.0 1920
1620114968070 1.0 1921
1620114968098 0.0 1922
1620114968273 1.0 1923
1620114968558 0.0 1924
1620114968680 1.0 1925
1620114968751 1.0 1926
1620114968943 1.0 1927
1620114969228 0.0 1928
1620114969299 1.0 1929
1620114969470 1.0 1930
1620114969635 1.0 1931
1620114969774 1.0 1932
1620114969845 1.0 1933
1620114970129 1.0 1934
1620114970240 1.0 1935
1620114970333 1.0 1936
1620114970422 1.0 1937
1620114970495 1.0 1938
1620114970637 1.0 1939
1620114970788 1.0 1940
1620114970909 1.0 1941
1620114971015 1.0 1942
1620114971184 1.0 1943
1620114971449 1.0 1944
1620114971510 1.0 1945
1620114971804 0.0 1946
1620114971895 1.0 1947
1620114972017 1.0 1948
1620114972319 0.0 1949
1620114972482 1.0 1950
1620114972585 1.0 1951
1620114972727 1.0 1952
1620114973013 0.0 1953
1620114973217 1.0 1954
1620114973501 1.0 1955
1620114973592 1.0 1956
1620114973724 1.0 1957
1620114973906 1.0 1958
1620114974018 1.0 1959
1620114974139 1.0 1960
1620114974240 1.0 1961
1620114974331 1.0 1962
1620114974473 1.0 1963
1620114974765 0.0 1964
1620114974856 1.0 1965
1620114975038 1.0 1966
1620114975149 1.0 1967
1620114975372 1.0 1968
1620114975493 1.0 1969
1620114975786 0.0 1970
1620114975999 1.0 1971
1620114976111 1.0 1972
1620114976293 1.0 1973
1620114976425 1.0 1974
1620114976506 1.0 1975
1620114976658 1.0 1976
1620114976951 0.0 1977
1620114977134 1.0 1978
1620114977216 1.0 1979
1620114977340 1.0 1980
1620114977553 1.0 1981
1620114977726 1.0 1982
1620114977808 0.0 1983
1620114978032 1.0 1984
1620114978276 1.0 1985
1620114978387 1.0 1986
1620114978469 1.0 1987
1620114978621 1.0 1988
1620114978916 0.0 1989
1620114979017 1.0 1990
1620114979108 1.0 1991
1620114979261 1.0 1992
