1620113208315 0.0 0
1620113208382 0.0 1
1620113208398 0.0 2
1620113208415 0.0 3
1620113208449 0.0 4
1620113208482 0.0 5
1620113208515 0.0 6
1620113208531 0.0 7
1620113208549 0.0 8
1620113208599 0.0 9
1620113208615 0.0 10
1620113208619 0.0 11
1620113208650 0.0 12
1620113208660 0.0 13
1620113208698 0.0 14
1620113208711 0.0 15
1620113208782 0.0 16
1620113208792 0.0 17
1620113208802 0.0 18
1620113208843 0.0 19
1620113208873 0.0 20
1620113208892 0.0 21
1620113208912 0.0 22
1620113208924 0.0 23
1620113208949 0.0 24
1620113208982 0.0 25
1620113208995 0.0 26
1620113209026 0.0 27
1620113209056 0.0 28
1620113209077 0.0 29
1620113209095 0.0 30
1620113209132 0.0 31
1620113209148 0.0 32
1620113209168 0.0 33
1620113209186 0.0 34
1620113209207 0.0 35
1620113209219 0.0 36
1620113209249 0.0 37
1620113209270 0.0 38
1620113209290 0.0 39
1620113209351 0.0 40
1620113209371 0.0 41
1620113209405 0.0 42
1620113209437 0.0 43
1620113209457 0.0 44
1620113209468 0.0 45
1620113209492 0.0 46
1620113209527 0.0 47
1620113209557 0.0 48
1620113209575 0.0 49
1620113209605 0.0 50
1620113209645 0.0 51
1620113209667 0.0 52
1620113209690 0.0 53
1620113209711 0.0 54
1620113209741 0.0 55
1620113209764 0.0 56
1620113209795 0.0 57
1620113209878 0.0 58
1620113209912 0.0 59
1620113209985 0.0 60
1620113210008 0.0 61
1620113210032 0.0 62
1620113210074 0.0 63
1620113210188 0.0 64
1620113210244 0.0 65
1620113212383 0.0 66
1620113212412 0.0 67
1620113212469 0.0 68
1620113212502 0.0 69
1620113212514 0.0 70
1620113212538 0.0 71
1620113212569 0.0 72
1620113212603 0.0 73
1620113212619 0.0 74
1620113212673 0.0 75
1620113212703 0.0 76
1620113212711 0.0 77
1620113212734 0.0 78
1620113212794 0.0 79
1620113212839 0.0 80
1620113212902 0.0 81
1620113212944 0.0 82
1620113212997 0.0 83
1620113213050 0.0 84
1620113213101 0.0 85
1620113213175 0.0 86
1620113213182 0.0 87
1620113213199 0.0 88
1620113213231 0.0 89
1620113213232 0.0 90
1620113213249 0.0 91
1620113213265 0.0 92
1620113213282 0.0 93
1620113213299 0.0 94
1620113213329 0.0 95
1620113213341 0.0 96
1620113213358 0.0 97
1620113213401 0.0 98
1620113213450 0.0 99
1620113213508 0.0 100
1620113213539 0.0 101
1620113213569 0.0 102
1620113213632 0.0 103
1620113213654 0.0 104
1620113213677 0.0 105
1620113213687 0.0 106
1620113213712 0.0 107
1620113213741 0.0 108
1620113213794 0.0 109
1620113213808 0.0 110
1620113213848 0.0 111
1620113213865 0.0 112
1620113213885 0.0 113
1620113213914 0.0 114
1620113213948 0.0 115
1620113213958 0.0 116
1620113213971 0.0 117
1620113213984 0.0 118
1620113213997 0.0 119
1620113214018 0.0 120
1620113214059 0.0 121
1620113214080 0.0 122
1620113214107 0.0 123
1620113214120 0.0 124
1620113214186 0.0 125
1620113214212 0.0 126
1620113214231 0.0 127
1620113214274 0.0 128
1620113214288 0.0 129
1620113214321 0.0 130
1620113214340 0.0 131
1620113214356 0.0 132
1620113214386 0.0 133
1620113215799 0.0 134
1620113215820 0.0 135
1620113215865 0.0 136
1620113215865 0.0 137
1620113215901 0.0 138
1620113215949 0.0 139
1620113215949 0.0 140
1620113215982 0.0 141
1620113216054 0.0 142
1620113216061 0.0 143
1620113216082 0.0 144
1620113216097 0.0 145
1620113216118 0.0 146
1620113216162 0.0 147
1620113216192 0.0 148
1620113216208 0.0 149
1620113216238 0.0 150
1620113216317 0.0 151
1620113216341 0.0 152
1620113216374 0.0 153
1620113216408 0.0 154
1620113216457 0.0 155
1620113216482 0.0 156
1620113216523 0.0 157
1620113216547 0.0 158
1620113216592 0.0 159
1620113216643 0.0 160
1620113216676 0.0 161
1620113216732 0.0 162
1620113216806 0.0 163
1620113216827 0.0 164
1620113216880 0.0 165
1620113216904 0.0 166
1620113216914 0.0 167
1620113216956 0.0 168
1620113216989 0.0 169
1620113216998 0.0 170
1620113217001 0.0 171
1620113217049 0.0 172
1620113217081 0.0 173
1620113217100 0.0 174
1620113217115 0.0 175
1620113217149 0.0 176
1620113217182 0.0 177
1620113217215 0.0 178
1620113217249 0.0 179
1620113217282 0.0 180
1620113217300 0.0 181
1620113217315 0.0 182
1620113217365 0.0 183
1620113217400 0.0 184
1620113217432 0.0 185
1620113217448 0.0 186
1620113217482 0.0 187
1620113217522 0.0 188
1620113217532 0.0 189
1620113217573 0.0 190
1620113217583 0.0 191
1620113217614 0.0 192
1620113217634 0.0 193
1620113217663 0.0 194
1620113217676 0.0 195
1620113217686 0.0 196
1620113217706 0.0 197
1620113217737 0.0 198
1620113217745 0.0 199
1620113217808 0.0 200
1620113217818 0.0 201
1620113217828 0.0 202
1620113217849 0.0 203
1620113217877 0.0 204
1620113217882 0.0 205
1620113217900 0.0 206
1620113217920 0.0 207
1620113219532 0.0 208
1620113219550 0.0 209
1620113219565 0.0 210
1620113219570 0.0 211
1620113219591 0.0 212
1620113219611 0.0 213
1620113219629 0.0 214
1620113219649 0.0 215
1620113219672 0.0 216
1620113219702 0.0 217
1620113219765 0.0 218
1620113219792 0.0 219
1620113219815 0.0 220
1620113219854 0.0 221
1620113219865 0.0 222
1620113219899 0.0 223
1620113219934 0.0 224
1620113219976 0.0 225
1620113219987 0.0 226
1620113220027 0.0 227
1620113220038 0.0 228
1620113220058 0.0 229
1620113220082 0.0 230
1620113220099 0.0 231
1620113220116 0.0 232
1620113220132 0.0 233
1620113220149 0.0 234
1620113220168 0.0 235
1620113220178 0.0 236
1620113220188 0.0 237
1620113220211 0.0 238
1620113220232 0.0 239
1620113220292 0.0 240
1620113220303 0.0 241
1620113220315 0.0 242
1620113220333 0.0 243
1620113220349 0.0 244
1620113220362 0.0 245
1620113220395 0.0 246
1620113220403 0.0 247
1620113220426 0.0 248
1620113220436 0.0 249
1620113220456 0.0 250
1620113220477 0.0 251
1620113220499 0.0 252
1620113220527 0.0 253
1620113220558 0.0 254
1620113220607 0.0 255
1620113220607 0.0 256
1620113220639 0.0 257
1620113220649 0.0 258
1620113220668 0.0 259
1620113220700 0.0 260
1620113220720 0.0 261
1620113220732 0.0 262
1620113220751 0.0 263
1620113220771 0.0 264
1620113220782 0.0 265
1620113220802 0.0 266
1620113220820 0.0 267
1620113220822 0.0 268
1620113220853 0.0 269
1620113220871 0.0 270
1620113220915 0.0 271
1620113220934 0.0 272
1620113220966 0.0 273
1620113220986 0.0 274
1620113221006 0.0 275
1620113221047 0.0 276
1620113221078 0.0 277
1620113221106 0.0 278
1620113221116 0.0 279
1620113221190 0.0 280
1620113221200 0.0 281
1620113221228 0.0 282
1620113221240 0.0 283
1620113221249 0.0 284
1620113221271 0.0 285
1620113221291 0.0 286
1620113221302 0.0 287
1620113221322 0.0 288
1620113221340 0.0 289
1620113221365 0.0 290
1620113223155 0.0 291
1620113223167 0.0 292
1620113223216 0.0 293
1620113223288 0.0 294
1620113223327 0.0 295
1620113223339 0.0 296
1620113223400 0.0 297
1620113223420 0.0 298
1620113223451 0.0 299
1620113223471 0.0 300
1620113223491 0.0 301
1620113223501 0.0 302
1620113223522 0.0 303
1620113223542 0.0 304
1620113223615 0.0 305
1620113223654 0.0 306
1620113223692 0.0 307
1620113223749 0.0 308
1620113223773 0.0 309
1620113223782 0.0 310
1620113223814 0.0 311
1620113223832 0.0 312
1620113223882 0.0 313
1620113223915 0.0 314
1620113223932 0.0 315
1620113223949 0.0 316
1620113223973 0.0 317
1620113223982 0.0 318
1620113224032 0.0 319
1620113224064 0.0 320
1620113224082 0.0 321
1620113224082 0.0 322
1620113224115 0.0 323
1620113224115 0.0 324
1620113224132 0.0 325
1620113224173 0.0 326
1620113224182 0.0 327
1620113224198 0.0 328
1620113224215 0.0 329
1620113224215 0.0 330
1620113224248 0.0 331
1620113224273 0.0 332
1620113224282 0.0 333
1620113224332 0.0 334
1620113224349 0.0 335
1620113224382 0.0 336
1620113224399 0.0 337
1620113224399 0.0 338
1620113224432 0.0 339
1620113224449 0.0 340
1620113224473 0.0 341
1620113224482 0.0 342
1620113224499 0.0 343
1620113224499 0.0 344
1620113224515 0.0 345
1620113224532 0.0 346
1620113224549 0.0 347
1620113224582 0.0 348
1620113224615 0.0 349
1620113224649 0.0 350
1620113224682 0.0 351
1620113224698 0.0 352
1620113224715 0.0 353
1620113224715 0.0 354
1620113224747 0.0 355
1620113224765 0.0 356
1620113224782 0.0 357
1620113224832 0.0 358
1620113224873 0.0 359
1620113224899 0.0 360
1620113224915 0.0 361
1620113224932 0.0 362
1620113224949 0.0 363
1620113224999 0.0 364
1620113225149 0.0 365
1620113225182 0.0 366
1620113225198 0.0 367
1620113225265 0.0 368
1620113225299 0.0 369
1620113225332 0.0 370
1620113225372 0.0 371
1620113227465 0.0 372
1620113227471 0.0 373
1620113227502 0.0 374
1620113227522 0.0 375
1620113227543 0.0 376
1620113227571 0.0 377
1620113227591 0.0 378
1620113227615 0.0 379
1620113227631 0.0 380
1620113227644 0.0 381
1620113227654 0.0 382
1620113227684 0.0 383
1620113227705 0.0 384
1620113227756 0.0 385
1620113227782 0.0 386
1620113227799 0.0 387
1620113227815 0.0 388
1620113227835 0.0 389
1620113227867 0.0 390
1620113227882 0.0 391
1620113227926 0.0 392
1620113227949 0.0 393
1620113227959 0.0 394
1620113228000 0.0 395
1620113228010 0.0 396
1620113228058 0.0 397
1620113228079 0.0 398
1620113228091 0.0 399
1620113228099 0.0 400
1620113228142 0.0 401
1620113228165 0.0 402
1620113228183 0.0 403
1620113228193 0.0 404
1620113228222 0.0 405
1620113228242 0.0 406
1620113228295 0.0 407
1620113228326 0.0 408
1620113228336 0.0 409
1620113228349 0.0 410
1620113228356 0.0 411
1620113228367 0.0 412
1620113228427 0.0 413
1620113228449 0.0 414
1620113228519 0.0 415
1620113228537 0.0 416
1620113228590 0.0 417
1620113228600 0.0 418
1620113228610 0.0 419
1620113228631 0.0 420
1620113228669 0.0 421
1620113228712 0.0 422
1620113228753 0.0 423
1620113228773 0.0 424
1620113228793 0.0 425
1620113228804 0.0 426
1620113228814 0.0 427
1620113228834 0.0 428
1620113228852 0.0 429
1620113228873 0.0 430
1620113228893 0.0 431
1620113228915 0.0 432
1620113228934 0.0 433
1620113228964 0.0 434
1620113228999 0.0 435
1620113229037 0.0 436
1620113229066 0.0 437
1620113229076 0.0 438
1620113229086 0.0 439
1620113230382 0.0 440
1620113230401 0.0 441
1620113230433 0.0 442
1620113230544 0.0 443
1620113230604 0.0 444
1620113230616 0.0 445
1620113230635 0.0 446
1620113230649 0.0 447
1620113230684 0.0 448
1620113230716 0.0 449
1620113230732 0.0 450
1620113230732 0.0 451
1620113230765 0.0 452
1620113230784 0.0 453
1620113230796 0.0 454
1620113230837 0.0 455
1620113230868 0.0 456
1620113230888 0.0 457
1620113230899 0.0 458
1620113230927 0.0 459
1620113230950 0.0 460
1620113230978 0.0 461
1620113230988 0.0 462
1620113231021 0.0 463
1620113231065 0.0 464
1620113231103 0.0 465
1620113231172 0.0 466
1620113231184 0.0 467
1620113231202 0.0 468
1620113231215 0.0 469
1620113231248 0.0 470
1620113231282 0.0 471
1620113231325 0.0 472
1620113231335 0.0 473
1620113231348 0.0 474
1620113231374 0.0 475
1620113231394 0.0 476
1620113231426 0.0 477
1620113231465 0.0 478
1620113231482 0.0 479
1620113231499 0.0 480
1620113231515 0.0 481
1620113231532 0.0 482
1620113231582 0.0 483
1620113231649 0.0 484
1620113231665 0.0 485
1620113231682 0.0 486
1620113231699 0.0 487
1620113231715 0.0 488
1620113231785 0.0 489
1620113231826 0.0 490
1620113231849 0.0 491
1620113231857 0.0 492
1620113231882 0.0 493
1620113231899 0.0 494
1620113231915 0.0 495
1620113231932 0.0 496
1620113231948 0.0 497
1620113231982 0.0 498
1620113231982 0.0 499
1620113232015 0.0 500
1620113232015 0.0 501
1620113232049 0.0 502
1620113232069 0.0 503
1620113232079 0.0 504
1620113232100 0.0 505
1620113232140 0.0 506
1620113232150 0.0 507
1620113232189 0.0 508
1620113232232 0.0 509
1620113233810 0.0 510
1620113233899 0.0 511
1620113233916 0.0 512
1620113233962 0.0 513
1620113233982 0.0 514
1620113233995 0.0 515
1620113234005 0.0 516
1620113234015 0.0 517
1620113234032 0.0 518
1620113234035 0.0 519
1620113234049 0.0 520
1620113234066 0.0 521
1620113234076 0.0 522
1620113234086 0.0 523
1620113234098 0.0 524
1620113234125 0.0 525
1620113234137 0.0 526
1620113234155 0.0 527
1620113234168 0.0 528
1620113234182 0.0 529
1620113234219 0.0 530
1620113234249 0.0 531
1620113234265 0.0 532
1620113234282 0.0 533
1620113234311 0.0 534
1620113234332 0.0 535
1620113234341 0.0 536
1620113234372 0.0 537
1620113234411 0.0 538
1620113234433 0.0 539
1620113234443 0.0 540
1620113234466 0.0 541
1620113234484 0.0 542
1620113234505 0.0 543
1620113234515 0.0 544
1620113234525 0.0 545
1620113234535 0.0 546
1620113234549 0.0 547
1620113234556 0.0 548
1620113234576 0.0 549
1620113234596 0.0 550
1620113234606 0.0 551
1620113234627 0.0 552
1620113234647 0.0 553
1620113234657 0.0 554
1620113234749 0.0 555
1620113234769 0.0 556
1620113234779 0.0 557
1620113234790 0.0 558
1620113234810 0.0 559
1620113234851 0.0 560
1620113234871 0.0 561
1620113234901 0.0 562
1620113234932 0.0 563
1620113234973 0.0 564
1620113234983 0.0 565
1620113234993 0.0 566
1620113235013 0.0 567
1620113235023 0.0 568
1620113235044 0.0 569
1620113235054 0.0 570
1620113235074 0.0 571
1620113235085 0.0 572
1620113235105 0.0 573
1620113235115 0.0 574
1620113235144 0.0 575
1620113235156 0.0 576
1620113235186 0.0 577
1620113235207 0.0 578
1620113235217 0.0 579
1620113235227 0.0 580
1620113235237 0.0 581
1620113235258 0.0 582
1620113235288 0.0 583
1620113235298 0.0 584
1620113235359 0.0 585
1620113235390 0.0 586
1620113235441 0.0 587
1620113235461 0.0 588
1620113235481 0.0 589
1620113235530 0.0 590
1620113237109 0.0 591
1620113237139 0.0 592
1620113237160 0.0 593
1620113237180 0.0 594
1620113237271 0.0 595
1620113237289 0.0 596
1620113237301 0.0 597
1620113237321 0.0 598
1620113237339 0.0 599
1620113237362 1.0 600
1620113237382 0.0 601
1620113237392 0.0 602
1620113237403 0.0 603
1620113237421 0.0 604
1620113237441 0.0 605
1620113237453 0.0 606
1620113237525 0.0 607
1620113237535 0.0 608
1620113237565 0.0 609
1620113237576 0.0 610
1620113237604 0.0 611
1620113237616 0.0 612
1620113237626 0.0 613
1620113237647 0.0 614
1620113237675 0.0 615
1620113237687 0.0 616
1620113237698 0.0 617
1620113237708 0.0 618
1620113237797 0.0 619
1620113237820 0.0 620
1620113237921 0.0 621
1620113237939 0.0 622
1620113237952 0.0 623
1620113237960 0.0 624
1620113237972 0.0 625
1620113237990 0.0 626
1620113238013 0.0 627
1620113238033 0.0 628
1620113238053 0.0 629
1620113238063 0.0 630
1620113238073 0.0 631
1620113238094 0.0 632
1620113238104 0.0 633
1620113238124 0.0 634
1620113238145 0.0 635
1620113238163 0.0 636
1620113238266 0.0 637
1620113238349 0.0 638
1620113238366 0.0 639
1620113238386 0.0 640
1620113238409 0.0 641
1620113238437 0.0 642
1620113238460 0.0 643
1620113238482 0.0 644
1620113238592 0.0 645
1620113238623 0.0 646
1620113238641 0.0 647
1620113238651 0.0 648
1620113238671 0.0 649
1620113238682 0.0 650
1620113238695 0.0 651
1620113238705 0.0 652
1620113238726 0.0 653
1620113238736 0.0 654
1620113238766 0.0 655
1620113238785 0.0 656
1620113240818 0.0 657
1620113240990 0.0 658
1620113241032 0.0 659
1620113241041 0.0 660
1620113241052 0.0 661
1620113241070 0.0 662
1620113241092 0.0 663
1620113241115 0.0 664
1620113241133 0.0 665
1620113241143 0.0 666
1620113241165 0.0 667
1620113241194 0.0 668
1620113241216 0.0 669
1620113241234 0.0 670
1620113241249 0.0 671
1620113241255 0.0 672
1620113241285 0.0 673
1620113241305 0.0 674
1620113241315 0.0 675
1620113241325 0.0 676
1620113241346 0.0 677
1620113241356 0.0 678
1620113241374 0.0 679
1620113241384 0.0 680
1620113241417 0.0 681
1620113241435 0.0 682
1620113241457 0.0 683
1620113241476 0.0 684
1620113241499 0.0 685
1620113241508 0.0 686
1620113241526 0.0 687
1620113241549 0.0 688
1620113241569 0.0 689
1620113241589 0.0 690
1620113241600 0.0 691
1620113241651 0.0 692
1620113241682 0.0 693
1620113241702 0.0 694
1620113241712 0.0 695
1620113241722 0.0 696
1620113241732 0.0 697
1620113241771 0.0 698
1620113241799 0.0 699
1620113241815 0.0 700
1620113241854 0.0 701
1620113241865 0.0 702
1620113241895 0.0 703
1620113241913 0.0 704
1620113241915 0.0 705
1620113241964 0.0 706
1620113241994 0.0 707
1620113242007 0.0 708
1620113242037 0.0 709
1620113242068 0.0 710
1620113242108 0.0 711
1620113242139 0.0 712
1620113242169 0.0 713
1620113242189 0.0 714
1620113242433 0.0 715
1620113242471 0.0 716
1620113242502 0.0 717
1620113242522 0.0 718
1620113242572 0.0 719
1620113242582 0.0 720
1620113242615 0.0 721
1620113242649 0.0 722
1620113242683 0.0 723
1620113242716 0.0 724
1620113242716 0.0 725
1620113242732 0.0 726
1620113242798 0.0 727
1620113242816 0.0 728
1620113242849 0.0 729
1620113242866 0.0 730
1620113242883 0.0 731
1620113244515 0.0 732
1620113244534 0.0 733
1620113244554 0.0 734
1620113244584 0.0 735
1620113244655 0.0 736
1620113244665 0.0 737
1620113244694 0.0 738
1620113244706 0.0 739
1620113244726 0.0 740
1620113244736 0.0 741
1620113244746 0.0 742
1620113244765 0.0 743
1620113244807 0.0 744
1620113244838 0.0 745
1620113244868 0.0 746
1620113244886 0.0 747
1620113244896 0.0 748
1620113244932 0.0 749
1620113244960 0.0 750
1620113244970 0.0 751
1620113244988 0.0 752
1620113245029 0.0 753
1620113245032 0.0 754
1620113245042 0.0 755
1620113245053 0.0 756
1620113245071 0.0 757
1620113245104 0.0 758
1620113245115 0.0 759
1620113245124 0.0 760
1620113245134 0.0 761
1620113245144 0.0 762
1620113245195 0.0 763
1620113245213 0.0 764
1620113245226 0.0 765
1620113245246 0.0 766
1620113245266 0.0 767
1620113245286 0.0 768
1620113245306 0.0 769
1620113245324 0.0 770
1620113245345 0.0 771
1620113245357 0.0 772
1620113245377 0.0 773
1620113245377 0.0 774
1620113245396 0.0 775
1620113245418 0.0 776
1620113245436 0.0 777
1620113245447 0.0 778
1620113245467 0.0 779
1620113245477 0.0 780
1620113245489 0.0 781
1620113245510 0.0 782
1620113245530 0.0 783
1620113245540 0.0 784
1620113245551 0.0 785
1620113245571 0.0 786
1620113245581 0.0 787
1620113245591 0.0 788
1620113245612 0.0 789
1620113245652 0.0 790
1620113245673 0.0 791
1620113245701 0.0 792
1620113245744 0.0 793
1620113245754 0.0 794
1620113245815 0.0 795
1620113245825 0.0 796
1620113245856 0.0 797
1620113245866 0.0 798
1620113245896 0.0 799
1620113245917 0.0 800
1620113245925 0.0 801
1620113245937 0.0 802
1620113245947 0.0 803
1620113245957 0.0 804
1620113245978 0.0 805
1620113246059 0.0 806
1620113246090 0.0 807
1620113246120 0.0 808
1620113246130 0.0 809
1620113246151 0.0 810
1620113246201 0.0 811
1620113246220 0.0 812
1620113246242 0.0 813
1620113246252 0.0 814
1620113248042 0.0 815
1620113248073 0.0 816
1620113248093 0.0 817
1620113248116 0.0 818
1620113248149 0.0 819
1620113248174 0.0 820
1620113248204 0.0 821
1620113248224 0.0 822
1620113248234 0.0 823
1620113248249 0.0 824
1620113248275 0.0 825
1620113248286 0.0 826
1620113248326 0.0 827
1620113248367 0.0 828
1620113248386 0.0 829
1620113248408 0.0 830
1620113248416 0.0 831
1620113248426 0.0 832
1620113248448 0.0 833
1620113248459 0.0 834
1620113248469 0.0 835
1620113248499 0.0 836
1620113248509 0.0 837
1620113248520 0.0 838
1620113248560 0.0 839
1620113248591 0.0 840
1620113248601 0.0 841
1620113248621 0.0 842
1620113248640 0.0 843
1620113248652 0.0 844
1620113248672 0.0 845
1620113248723 0.0 846
1620113248741 0.0 847
1620113248765 0.0 848
1620113248774 0.0 849
1620113248815 0.0 850
1620113248835 0.0 851
1620113248848 0.0 852
1620113248916 0.0 853
1620113248926 0.0 854
1620113248936 0.0 855
1620113248947 0.0 856
1620113248977 0.0 857
1620113248998 0.0 858
1620113249018 0.0 859
1620113249036 0.0 860
1620113249046 0.0 861
1620113249056 0.0 862
1620113249069 0.0 863
1620113249089 0.0 864
1620113249107 0.0 865
1620113249170 0.0 866
1620113249181 0.0 867
1620113249199 0.0 868
1620113249231 0.0 869
1620113249252 0.0 870
1620113249272 0.0 871
1620113249292 0.0 872
1620113249333 0.0 873
1620113249353 0.0 874
1620113249361 0.0 875
1620113249374 0.0 876
1620113249394 0.0 877
1620113249465 0.0 878
1620113249495 0.0 879
1620113249516 0.0 880
1620113249526 0.0 881
1620113249544 0.0 882
1620113249556 0.0 883
1620113249605 0.0 884
1620113249638 0.0 885
1620113249668 0.0 886
1620113249709 0.0 887
1620113249732 0.0 888
1620113251258 0.0 889
1620113251269 0.0 890
1620113251299 0.0 891
1620113251349 0.0 892
1620113251359 0.0 893
1620113251387 0.0 894
1620113251470 0.0 895
1620113251490 0.0 896
1620113251500 0.0 897
1620113251531 0.0 898
1620113251561 0.0 899
1620113251579 0.0 900
1620113251592 0.0 901
1620113251610 0.0 902
1620113251632 0.0 903
1620113251642 0.0 904
1620113251652 0.0 905
1620113251715 0.0 906
1620113251732 0.0 907
1620113251774 0.0 908
1620113251795 0.0 909
1620113251805 0.0 910
1620113251826 0.0 911
1620113251846 0.0 912
1620113251917 0.0 913
1620113251948 0.0 914
1620113251968 0.0 915
1620113251978 0.0 916
1620113251998 0.0 917
1620113252019 0.0 918
1620113252060 0.0 919
1620113252100 0.0 920
1620113252131 0.0 921
1620113252171 0.0 922
1620113252210 0.0 923
1620113252222 0.0 924
1620113252242 0.0 925
1620113252322 0.0 926
1620113252324 0.0 927
1620113252352 0.0 928
1620113252385 0.0 929
1620113252395 0.0 930
1620113252415 0.0 931
1620113252434 0.0 932
1620113252456 0.0 933
1620113252507 0.0 934
1620113252547 1.0 935
1620113252588 1.0 936
1620113252606 0.0 937
1620113252637 0.0 938
1620113252647 0.0 939
1620113252659 0.0 940
1620113252680 0.0 941
1620113252710 0.0 942
1620113252720 0.0 943
1620113252761 0.0 944
1620113252792 0.0 945
1620113252832 0.0 946
1620113252853 0.0 947
1620113252881 0.0 948
1620113252913 0.0 949
1620113254284 0.0 950
1620113254306 0.0 951
1620113254325 0.0 952
1620113254408 0.0 953
1620113254470 0.0 954
1620113254488 0.0 955
1620113254510 0.0 956
1620113254541 0.0 957
1620113254549 0.0 958
1620113254582 0.0 959
1620113254591 0.0 960
1620113254602 0.0 961
1620113254630 0.0 962
1620113254640 0.0 963
1620113254652 0.0 964
1620113254713 0.0 965
1620113254745 0.0 966
1620113254786 0.0 967
1620113254837 0.0 968
1620113254918 0.0 969
1620113254959 0.0 970
1620113254987 0.0 971
1620113255010 0.0 972
1620113255028 0.0 973
1620113255051 0.0 974
1620113255071 0.0 975
1620113255123 0.0 976
1620113255143 0.0 977
1620113255165 0.0 978
1620113255215 0.0 979
1620113255245 0.0 980
1620113255255 0.0 981
1620113255286 0.0 982
1620113255316 0.0 983
1620113255326 0.0 984
1620113255349 0.0 985
1620113255461 0.0 986
1620113255502 0.0 987
1620113255593 0.0 988
1620113255604 0.0 989
1620113255615 0.0 990
1620113255634 0.0 991
1620113255663 0.0 992
1620113255695 1.0 993
1620113255736 0.0 994
1620113255754 0.0 995
1620113255776 0.0 996
1620113255838 0.0 997
1620113255858 0.0 998
1620113255889 0.0 999
1620113255927 0.0 1000
1620113255940 0.0 1001
1620113255950 0.0 1002
1620113255958 0.0 1003
1620113255988 0.0 1004
1620113255998 0.0 1005
1620113256021 0.0 1006
1620113256051 0.0 1007
1620113256092 0.0 1008
1620113256143 0.0 1009
1620113256153 0.0 1010
1620113257506 0.0 1011
1620113257534 0.0 1012
1620113257556 0.0 1013
1620113257596 0.0 1014
1620113257614 0.0 1015
1620113257645 0.0 1016
1620113257677 0.0 1017
1620113257728 0.0 1018
1620113257758 0.0 1019
1620113257799 0.0 1020
1620113257819 0.0 1021
1620113257850 0.0 1022
1620113257880 0.0 1023
1620113257911 0.0 1024
1620113257951 0.0 1025
1620113257972 0.0 1026
1620113258020 0.0 1027
1620113258033 0.0 1028
1620113258063 0.0 1029
1620113258073 0.0 1030
1620113258104 0.0 1031
1620113258155 0.0 1032
1620113258185 0.0 1033
1620113258256 0.0 1034
1620113258267 0.0 1035
1620113258277 0.0 1036
1620113258297 0.0 1037
1620113258328 0.0 1038
1620113258358 0.0 1039
1620113258368 0.0 1040
1620113258387 0.0 1041
1620113258399 0.0 1042
1620113258407 0.0 1043
1620113258409 0.0 1044
1620113258427 0.0 1045
1620113258450 0.0 1046
1620113258458 0.0 1047
1620113258470 0.0 1048
1620113258834 0.0 1049
1620113258876 0.0 1050
1620113258888 0.0 1051
1620113258902 0.0 1052
1620113258918 0.0 1053
1620113258931 0.0 1054
1620113258985 0.0 1055
1620113259007 0.0 1056
1620113259059 0.0 1057
1620113259106 0.0 1058
1620113259138 0.0 1059
1620113259161 0.0 1060
1620113259199 0.0 1061
1620113259218 0.0 1062
1620113259236 0.0 1063
1620113259259 0.0 1064
1620113259275 0.0 1065
1620113259305 0.0 1066
1620113259317 0.0 1067
1620113259337 0.0 1068
1620113259354 0.0 1069
1620113259376 0.0 1070
1620113259398 0.0 1071
1620113259436 0.0 1072
1620113259452 0.0 1073
1620113259465 0.0 1074
1620113261665 0.0 1075
1620113261682 0.0 1076
1620113261732 0.0 1077
1620113261748 0.0 1078
1620113261764 0.0 1079
1620113261782 0.0 1080
1620113261822 0.0 1081
1620113261882 0.0 1082
1620113261899 0.0 1083
1620113261922 0.0 1084
1620113261932 0.0 1085
1620113261965 0.0 1086
1620113261982 1.0 1087
1620113261999 0.0 1088
1620113262099 0.0 1089
1620113262115 0.0 1090
1620113262149 0.0 1091
1620113262165 0.0 1092
1620113262199 0.0 1093
1620113262232 0.0 1094
1620113262265 0.0 1095
1620113262282 0.0 1096
1620113262299 0.0 1097
1620113262349 0.0 1098
1620113262381 0.0 1099
1620113262415 1.0 1100
1620113262432 0.0 1101
1620113262465 0.0 1102
1620113262523 0.0 1103
1620113262532 0.0 1104
1620113262549 0.0 1105
1620113262565 0.0 1106
1620113262582 0.0 1107
1620113262615 0.0 1108
1620113262632 0.0 1109
1620113262665 0.0 1110
1620113262723 0.0 1111
1620113262749 0.0 1112
1620113262799 0.0 1113
1620113262815 0.0 1114
1620113262832 0.0 1115
1620113262949 0.0 1116
1620113262949 0.0 1117
1620113262982 0.0 1118
1620113263023 0.0 1119
1620113263047 0.0 1120
1620113263082 0.0 1121
1620113263165 0.0 1122
1620113263225 0.0 1123
1620113263245 0.0 1124
1620113263274 0.0 1125
1620113263284 0.0 1126
1620113263299 0.0 1127
1620113263299 0.0 1128
1620113263349 0.0 1129
1620113263386 0.0 1130
1620113263406 0.0 1131
1620113263426 0.0 1132
1620113264888 0.0 1133
1620113264900 0.0 1134
1620113264932 0.0 1135
1620113264951 0.0 1136
1620113264971 0.0 1137
1620113264991 0.0 1138
1620113265011 0.0 1139
1620113265032 0.0 1140
1620113265051 0.0 1141
1620113265072 0.0 1142
1620113265082 0.0 1143
1620113265183 0.0 1144
1620113265193 0.0 1145
1620113265242 0.0 1146
1620113265283 0.0 1147
1620113265305 0.0 1148
1620113265315 0.0 1149
1620113265356 0.0 1150
1620113265366 0.0 1151
1620113265387 0.0 1152
1620113265418 0.0 1153
1620113265499 0.0 1154
1620113265582 0.0 1155
1620113265609 0.0 1156
1620113265665 0.0 1157
1620113265732 0.0 1158
1620113265749 0.0 1159
1620113265765 0.0 1160
1620113265829 0.0 1161
1620113265882 0.0 1162
1620113265900 0.0 1163
1620113265933 0.0 1164
1620113265953 0.0 1165
1620113265965 0.0 1166
1620113266015 0.0 1167
1620113266033 0.0 1168
1620113266053 0.0 1169
1620113266117 0.0 1170
1620113266147 0.0 1171
1620113266208 0.0 1172
1620113266249 0.0 1173
1620113266267 0.0 1174
1620113266282 0.0 1175
1620113266315 0.0 1176
1620113266320 0.0 1177
1620113266470 0.0 1178
1620113266472 0.0 1179
1620113266549 0.0 1180
1620113268098 0.0 1181
1620113268115 0.0 1182
1620113268292 0.0 1183
1620113268352 0.0 1184
1620113268370 0.0 1185
1620113268449 0.0 1186
1620113268512 0.0 1187
1620113268524 0.0 1188
1620113268544 0.0 1189
1620113268562 0.0 1190
1620113268575 0.0 1191
1620113268582 0.0 1192
1620113268636 0.0 1193
1620113268656 0.0 1194
1620113268682 0.0 1195
1620113268699 0.0 1196
1620113268732 0.0 1197
1620113268749 0.0 1198
1620113268758 0.0 1199
1620113268782 0.0 1200
1620113268817 0.0 1201
1620113268828 0.0 1202
1620113268850 0.0 1203
1620113268870 0.0 1204
1620113268889 0.0 1205
1620113268921 0.0 1206
1620113268949 0.0 1207
1620113268965 0.0 1208
1620113268992 0.0 1209
1620113269023 0.0 1210
1620113269033 0.0 1211
1620113269073 0.0 1212
1620113269094 0.0 1213
1620113269124 0.0 1214
1620113269173 0.0 1215
1620113269215 1.0 1216
1620113269232 0.0 1217
1620113269317 1.0 1218
1620113269337 0.0 1219
1620113269347 0.0 1220
1620113269367 0.0 1221
1620113269436 0.0 1222
1620113269446 0.0 1223
1620113269459 0.0 1224
1620113269489 0.0 1225
1620113269532 0.0 1226
1620113269571 0.0 1227
1620113269599 0.0 1228
1620113269632 0.0 1229
1620113269652 0.0 1230
1620113269670 0.0 1231
1620113269693 0.0 1232
1620113269703 0.0 1233
1620113269741 0.0 1234
1620113271566 0.0 1235
1620113271582 0.0 1236
1620113271599 0.0 1237
1620113271632 0.0 1238
1620113271715 0.0 1239
1620113271765 0.0 1240
1620113271799 0.0 1241
1620113271832 0.0 1242
1620113271849 0.0 1243
1620113271849 0.0 1244
1620113271915 0.0 1245
1620113271932 0.0 1246
1620113271957 0.0 1247
1620113271987 0.0 1248
1620113272032 0.0 1249
1620113272049 0.0 1250
1620113272066 0.0 1251
1620113272132 0.0 1252
1620113272211 0.0 1253
1620113272232 0.0 1254
1620113272299 0.0 1255
1620113272354 0.0 1256
1620113272372 0.0 1257
1620113272382 0.0 1258
1620113272394 0.0 1259
1620113272404 0.0 1260
1620113272425 0.0 1261
1620113272443 0.0 1262
1620113272449 0.0 1263
1620113272499 1.0 1264
1620113272535 0.0 1265
1620113272557 0.0 1266
1620113272627 0.0 1267
1620113272707 0.0 1268
1620113272717 0.0 1269
1620113272732 0.0 1270
1620113272759 0.0 1271
1620113272790 0.0 1272
1620113272820 0.0 1273
1620113272871 0.0 1274
1620113272900 0.0 1275
1620113273033 0.0 1276
1620113273051 0.0 1277
1620113273071 0.0 1278
1620113273112 0.0 1279
1620113273125 0.0 1280
1620113273249 0.0 1281
1620113275210 0.0 1282
1620113275232 0.0 1283
1620113275301 0.0 1284
1620113275366 0.0 1285
1620113275383 0.0 1286
1620113275401 0.0 1287
1620113275449 1.0 1288
1620113275474 0.0 1289
1620113275516 1.0 1290
1620113275525 0.0 1291
1620113275553 0.0 1292
1620113275596 0.0 1293
1620113275606 0.0 1294
1620113275667 1.0 1295
1620113275732 0.0 1296
1620113275785 0.0 1297
1620113275881 0.0 1298
1620113275914 0.0 1299
1620113275999 0.0 1300
1620113276036 0.0 1301
1620113276059 0.0 1302
1620113276077 0.0 1303
1620113276140 1.0 1304
1620113276182 0.0 1305
1620113276499 0.0 1306
1620113276525 0.0 1307
1620113276558 0.0 1308
1620113276627 0.0 1309
1620113276688 0.0 1310
1620113276790 0.0 1311
1620113276815 0.0 1312
1620113276849 0.0 1313
1620113276882 0.0 1314
1620113277025 0.0 1315
1620113277049 0.0 1316
1620113277065 0.0 1317
1620113277082 0.0 1318
1620113277099 0.0 1319
1620113277118 1.0 1320
1620113277132 0.0 1321
1620113277169 0.0 1322
1620113277190 0.0 1323
1620113277220 0.0 1324
1620113277249 0.0 1325
1620113277265 0.0 1326
1620113277290 0.0 1327
1620113278635 0.0 1328
1620113278696 0.0 1329
1620113278706 0.0 1330
1620113278817 0.0 1331
1620113278878 0.0 1332
1620113278898 0.0 1333
1620113278929 0.0 1334
1620113278937 0.0 1335
1620113278957 0.0 1336
1620113278969 0.0 1337
1620113278990 0.0 1338
1620113279008 0.0 1339
1620113279020 0.0 1340
1620113279032 0.0 1341
1620113279071 0.0 1342
1620113279122 1.0 1343
1620113279163 0.0 1344
1620113279171 0.0 1345
1620113279199 0.0 1346
1620113279234 0.0 1347
1620113279303 0.0 1348
1620113279303 0.0 1349
1620113279405 0.0 1350
1620113279459 0.0 1351
1620113279519 0.0 1352
1620113279565 0.0 1353
1620113279624 0.0 1354
1620113279632 0.0 1355
1620113279655 0.0 1356
1620113279685 0.0 1357
1620113279716 0.0 1358
1620113279777 0.0 1359
1620113279805 0.0 1360
1620113279869 0.0 1361
1620113279889 0.0 1362
1620113279938 0.0 1363
1620113279965 0.0 1364
1620113280011 0.0 1365
1620113280069 0.0 1366
1620113280082 0.0 1367
1620113280102 0.0 1368
1620113280132 1.0 1369
1620113280212 0.0 1370
1620113280232 0.0 1371
1620113280253 0.0 1372
1620113280273 0.0 1373
1620113280299 0.0 1374
1620113280377 0.0 1375
1620113280385 0.0 1376
1620113280406 0.0 1377
1620113282024 0.0 1378
1620113282034 0.0 1379
1620113282054 0.0 1380
1620113282126 1.0 1381
1620113282144 0.0 1382
1620113282166 0.0 1383
1620113282206 0.0 1384
1620113282245 0.0 1385
1620113282305 1.0 1386
1620113282368 0.0 1387
1620113282379 0.0 1388
1620113282389 0.0 1389
1620113282448 1.0 1390
1620113282460 0.0 1391
1620113282602 0.0 1392
1620113282623 0.0 1393
1620113282641 0.0 1394
1620113282663 0.0 1395
1620113282704 0.0 1396
1620113282735 0.0 1397
1620113282755 0.0 1398
1620113282816 0.0 1399
1620113282877 0.0 1400
1620113282908 0.0 1401
1620113282956 1.0 1402
1620113283030 1.0 1403
1620113283089 1.0 1404
1620113283131 1.0 1405
1620113283152 0.0 1406
1620113283274 1.0 1407
1620113283284 0.0 1408
1620113283294 0.0 1409
1620113283314 0.0 1410
1620113283406 0.0 1411
1620113283455 0.0 1412
1620113283487 1.0 1413
1620113283508 0.0 1414
1620113283518 0.0 1415
1620113283536 0.0 1416
1620113283569 0.0 1417
1620113283577 0.0 1418
1620113283589 0.0 1419
1620113285481 1.0 1420
1620113285515 0.0 1421
1620113285543 1.0 1422
1620113285561 0.0 1423
1620113285604 1.0 1424
1620113285654 1.0 1425
1620113285685 0.0 1426
1620113285713 0.0 1427
1620113285725 0.0 1428
1620113285774 1.0 1429
1620113285796 0.0 1430
1620113285835 0.0 1431
1620113285908 0.0 1432
1620113285928 0.0 1433
1620113285969 0.0 1434
1620113286007 0.0 1435
1620113286028 0.0 1436
1620113286060 0.0 1437
1620113286099 0.0 1438
1620113286101 0.0 1439
1620113286132 0.0 1440
1620113286149 0.0 1441
1620113286233 1.0 1442
1620113286253 1.0 1443
1620113286266 0.0 1444
1620113286274 0.0 1445
1620113286292 0.0 1446
1620113286399 0.0 1447
1620113286434 1.0 1448
1620113286449 0.0 1449
1620113286477 0.0 1450
1620113286549 1.0 1451
1620113286582 1.0 1452
1620113286610 0.0 1453
1620113286701 1.0 1454
1620113286832 1.0 1455
1620113286882 0.0 1456
1620113287032 1.0 1457
1620113287049 0.0 1458
1620113287049 0.0 1459
1620113287149 0.0 1460
1620113287199 0.0 1461
1620113288715 0.0 1462
1620113288759 1.0 1463
1620113288789 0.0 1464
1620113288951 1.0 1465
1620113288961 0.0 1466
1620113288971 0.0 1467
1620113288982 0.0 1468
1620113289013 0.0 1469
1620113289084 1.0 1470
1620113289102 0.0 1471
1620113289155 0.0 1472
1620113289165 0.0 1473
1620113289184 0.0 1474
1620113289216 1.0 1475
1620113289226 0.0 1476
1620113289277 0.0 1477
1620113289299 0.0 1478
1620113289308 0.0 1479
1620113289338 0.0 1480
1620113289349 0.0 1481
1620113289369 0.0 1482
1620113289388 0.0 1483
1620113289465 1.0 1484
1620113289489 0.0 1485
1620113289573 0.0 1486
1620113289621 0.0 1487
1620113289634 0.0 1488
1620113289782 0.0 1489
1620113289787 0.0 1490
1620113289838 1.0 1491
1620113289879 0.0 1492
1620113289940 0.0 1493
1620113290043 0.0 1494
1620113290066 0.0 1495
1620113290084 0.0 1496
1620113290193 1.0 1497
1620113290282 0.0 1498
1620113290299 0.0 1499
1620113290407 1.0 1500
1620113290532 0.0 1501
1620113292149 0.0 1502
1620113292158 0.0 1503
1620113292199 1.0 1504
1620113292299 0.0 1505
1620113292348 0.0 1506
1620113292370 0.0 1507
1620113292499 0.0 1508
1620113292533 0.0 1509
1620113292554 0.0 1510
1620113292625 0.0 1511
1620113292782 0.0 1512
1620113292832 1.0 1513
1620113293228 1.0 1514
1620113293249 0.0 1515
1620113293364 0.0 1516
1620113293498 0.0 1517
1620113293549 1.0 1518
1620113293599 0.0 1519
1620113293648 0.0 1520
1620113293732 1.0 1521
1620113293765 1.0 1522
1620113293882 1.0 1523
1620113293932 1.0 1524
1620113293949 0.0 1525
1620113293999 1.0 1526
1620113294071 0.0 1527
1620113294101 0.0 1528
1620113294119 0.0 1529
1620113294171 1.0 1530
1620113294193 0.0 1531
1620113294223 0.0 1532
1620113294244 0.0 1533
1620113294262 0.0 1534
1620113294299 0.0 1535
1620113294325 0.0 1536
1620113294333 0.0 1537
1620113294349 0.0 1538
1620113294385 0.0 1539
1620113295769 0.0 1540
1620113295819 0.0 1541
1620113295930 1.0 1542
1620113295981 0.0 1543
1620113295991 0.0 1544
1620113296072 0.0 1545
1620113296101 0.0 1546
1620113296174 0.0 1547
1620113296184 0.0 1548
1620113296203 0.0 1549
1620113296216 0.0 1550
1620113296265 1.0 1551
1620113296287 0.0 1552
1620113296332 0.0 1553
1620113296399 0.0 1554
1620113296429 0.0 1555
1620113296510 0.0 1556
1620113296541 0.0 1557
1620113296571 0.0 1558
1620113296602 0.0 1559
1620113296632 0.0 1560
1620113296693 0.0 1561
1620113296703 0.0 1562
1620113296763 0.0 1563
1620113296775 0.0 1564
1620113296849 0.0 1565
1620113296885 0.0 1566
1620113296907 0.0 1567
1620113296997 0.0 1568
1620113297050 0.0 1569
1620113297121 0.0 1570
1620113297132 0.0 1571
1620113297190 0.0 1572
1620113297215 0.0 1573
1620113297400 0.0 1574
1620113299471 1.0 1575
1620113299574 1.0 1576
1620113299623 0.0 1577
1620113299666 0.0 1578
1620113299704 0.0 1579
1620113299716 0.0 1580
1620113299807 1.0 1581
1620113299840 0.0 1582
1620113299871 0.0 1583
1620113299942 0.0 1584
1620113299993 0.0 1585
1620113300022 1.0 1586
1620113300034 0.0 1587
1620113300085 0.0 1588
1620113300124 0.0 1589
1620113300166 0.0 1590
1620113300185 0.0 1591
1620113300207 0.0 1592
1620113300265 1.0 1593
1620113300277 0.0 1594
1620113300357 1.0 1595
1620113300410 1.0 1596
1620113300432 0.0 1597
1620113300458 0.0 1598
1620113300481 0.0 1599
1620113300532 1.0 1600
1620113300570 0.0 1601
1620113300601 0.0 1602
1620113300633 0.0 1603
1620113300643 0.0 1604
1620113300666 0.0 1605
1620113300796 0.0 1606
1620113300867 0.0 1607
1620113300918 0.0 1608
1620113301008 0.0 1609
1620113301123 1.0 1610
1620113301172 0.0 1611
1620113303509 0.0 1612
1620113303540 0.0 1613
1620113303601 0.0 1614
1620113303672 0.0 1615
1620113303743 0.0 1616
1620113303753 0.0 1617
1620113303771 0.0 1618
1620113303781 0.0 1619
1620113303905 0.0 1620
1620113303934 1.0 1621
1620113303966 0.0 1622
1620113303995 0.0 1623
1620113304036 0.0 1624
1620113304058 0.0 1625
1620113304201 0.0 1626
1620113304232 0.0 1627
1620113304280 0.0 1628
1620113304292 0.0 1629
1620113304333 0.0 1630
1620113304343 0.0 1631
1620113304398 0.0 1632
1620113304505 0.0 1633
1620113304535 0.0 1634
1620113304576 0.0 1635
1620113304606 0.0 1636
1620113304647 1.0 1637
1620113304688 0.0 1638
1620113304718 0.0 1639
1620113304739 0.0 1640
1620113304871 0.0 1641
1620113304962 0.0 1642
1620113305054 1.0 1643
1620113306565 1.0 1644
1620113306660 0.0 1645
1620113306712 1.0 1646
1620113306733 1.0 1647
1620113306761 0.0 1648
1620113306842 1.0 1649
1620113306864 0.0 1650
1620113306954 0.0 1651
1620113306984 1.0 1652
1620113307004 0.0 1653
1620113307035 0.0 1654
1620113307057 0.0 1655
1620113307116 0.0 1656
1620113307159 0.0 1657
1620113307241 1.0 1658
1620113307271 0.0 1659
1620113307312 1.0 1660
1620113307322 0.0 1661
1620113307363 1.0 1662
1620113307373 0.0 1663
1620113307424 1.0 1664
1620113307434 0.0 1665
1620113307462 0.0 1666
1620113307474 0.0 1667
1620113307485 0.0 1668
1620113307556 0.0 1669
1620113307605 1.0 1670
1620113307617 0.0 1671
1620113307647 0.0 1672
1620113307658 0.0 1673
1620113307688 0.0 1674
1620113307719 0.0 1675
1620113307780 0.0 1676
1620113307800 1.0 1677
1620113307881 0.0 1678
1620113307942 0.0 1679
1620113308076 0.0 1680
1620113308096 0.0 1681
1620113309593 0.0 1682
1620113309674 1.0 1683
1620113309775 1.0 1684
1620113309795 0.0 1685
1620113309866 1.0 1686
1620113309958 1.0 1687
1620113309989 1.0 1688
1620113310040 1.0 1689
1620113310725 1.0 1690
1620113310796 1.0 1691
1620113310899 1.0 1692
1620113310949 1.0 1693
1620113310977 0.0 1694
1620113310999 0.0 1695
1620113311009 0.0 1696
1620113311060 0.0 1697
1620113311165 0.0 1698
1620113311191 1.0 1699
1620113311222 0.0 1700
1620113311254 0.0 1701
1620113311295 1.0 1702
1620113311303 0.0 1703
1620113311366 0.0 1704
1620113311405 0.0 1705
1620113311486 1.0 1706
1620113311549 0.0 1707
1620113311582 1.0 1708
1620113311615 0.0 1709
1620113311649 1.0 1710
1620113311667 0.0 1711
1620113311749 0.0 1712
1620113311782 1.0 1713
1620113313430 0.0 1714
1620113313478 1.0 1715
1620113313520 1.0 1716
1620113313612 0.0 1717
1620113313630 0.0 1718
1620113313722 1.0 1719
1620113313794 0.0 1720
1620113314001 0.0 1721
1620113314016 0.0 1722
1620113314049 1.0 1723
1620113314093 1.0 1724
1620113314132 1.0 1725
1620113314195 1.0 1726
1620113314236 1.0 1727
1620113314254 0.0 1728
1620113314346 0.0 1729
1620113314449 1.0 1730
1620113314469 0.0 1731
1620113314561 0.0 1732
1620113314571 0.0 1733
1620113314592 0.0 1734
1620113314653 0.0 1735
1620113314681 0.0 1736
1620113314714 0.0 1737
1620113314805 1.0 1738
1620113314947 1.0 1739
1620113315019 1.0 1740
1620113315059 0.0 1741
1620113316535 1.0 1742
1620113316668 0.0 1743
1620113316760 0.0 1744
1620113316882 1.0 1745
1620113316890 0.0 1746
1620113316973 1.0 1747
1620113317144 0.0 1748
1620113317239 1.0 1749
1620113317350 0.0 1750
1620113317391 0.0 1751
1620113317513 1.0 1752
1620113317523 0.0 1753
1620113317543 0.0 1754
1620113317623 0.0 1755
1620113317717 1.0 1756
1620113317749 0.0 1757
1620113317868 1.0 1758
1620113317921 1.0 1759
1620113317982 0.0 1760
1620113318015 0.0 1761
1620113318072 1.0 1762
1620113318104 0.0 1763
1620113318176 1.0 1764
1620113318306 1.0 1765
1620113318367 1.0 1766
1620113319987 1.0 1767
1620113320106 1.0 1768
1620113320280 0.0 1769
1620113320394 0.0 1770
1620113320537 0.0 1771
1620113320557 0.0 1772
1620113320632 1.0 1773
1620113320670 0.0 1774
1620113320742 1.0 1775
1620113320782 0.0 1776
1620113320823 0.0 1777
1620113320874 1.0 1778
1620113321014 1.0 1779
1620113321057 0.0 1780
1620113321077 0.0 1781
1620113321087 0.0 1782
1620113321126 0.0 1783
1620113321199 1.0 1784
1620113321250 1.0 1785
1620113321270 0.0 1786
1620113321362 1.0 1787
1620113321433 1.0 1788
1620113321484 0.0 1789
1620113321555 0.0 1790
1620113323045 1.0 1791
1620113323065 0.0 1792
1620113323154 1.0 1793
1620113323174 0.0 1794
1620113323204 0.0 1795
1620113323266 1.0 1796
1620113323358 0.0 1797
1620113323419 1.0 1798
1620113323460 0.0 1799
1620113323490 1.0 1800
1620113323549 1.0 1801
1620113323592 1.0 1802
1620113323643 1.0 1803
1620113323785 0.0 1804
1620113323907 0.0 1805
1620113323958 1.0 1806
1620113324080 1.0 1807
1620113324141 1.0 1808
1620113324180 1.0 1809
1620113324241 1.0 1810
1620113324383 0.0 1811
1620113324436 1.0 1812
1620113324537 0.0 1813
1620113326037 0.0 1814
1620113326085 1.0 1815
1620113326146 1.0 1816
1620113326228 1.0 1817
1620113326289 1.0 1818
1620113326799 1.0 1819
1620113326849 0.0 1820
1620113326882 1.0 1821
1620113326920 0.0 1822
1620113326968 0.0 1823
1620113327102 1.0 1824
1620113327249 0.0 1825
1620113327286 1.0 1826
1620113327316 1.0 1827
1620113327465 0.0 1828
1620113327540 1.0 1829
1620113327590 0.0 1830
1620113327612 0.0 1831
1620113327653 1.0 1832
1620113327673 0.0 1833
1620113327715 1.0 1834
1620113327734 0.0 1835
1620113327815 1.0 1836
1620113327917 0.0 1837
1620113327958 0.0 1838
1620113329524 1.0 1839
1620113329595 1.0 1840
1620113329676 1.0 1841
1620113329726 1.0 1842
1620113329787 0.0 1843
1620113329828 0.0 1844
1620113329866 0.0 1845
1620113329930 1.0 1846
1620113330021 1.0 1847
1620113330122 1.0 1848
1620113330173 1.0 1849
1620113330273 1.0 1850
1620113330325 1.0 1851
1620113330468 0.0 1852
1620113330529 1.0 1853
1620113330559 1.0 1854
1620113330600 1.0 1855
1620113330702 0.0 1856
1620113330722 0.0 1857
1620113330732 0.0 1858
1620113330773 0.0 1859
1620113330824 1.0 1860
1620113330966 0.0 1861
1620113332471 1.0 1862
1620113332542 1.0 1863
1620113332615 1.0 1864
1620113332722 0.0 1865
1620113332765 0.0 1866
1620113332832 1.0 1867
1620113332865 1.0 1868
1620113332949 0.0 1869
1620113333006 1.0 1870
1620113333069 1.0 1871
1620113333100 1.0 1872
1620113333140 1.0 1873
1620113333165 0.0 1874
1620113333222 0.0 1875
1620113333266 0.0 1876
1620113333313 0.0 1877
1620113333384 0.0 1878
1620113333415 1.0 1879
1620113333506 1.0 1880
1620113333588 1.0 1881
1620113333632 1.0 1882
1620113333670 0.0 1883
1620113333793 0.0 1884
1620113333885 1.0 1885
1620113334038 1.0 1886
1620113335542 1.0 1887
1620113335573 0.0 1888
1620113335716 1.0 1889
1620113335828 1.0 1890
1620113335920 0.0 1891
1620113335951 0.0 1892
1620113336105 1.0 1893
1620113336207 1.0 1894
1620113336288 1.0 1895
1620113336317 0.0 1896
1620113336349 0.0 1897
1620113336368 0.0 1898
1620113336431 1.0 1899
1620113336462 1.0 1900
1620113336523 1.0 1901
1620113336543 1.0 1902
1620113336563 0.0 1903
1620113336625 1.0 1904
1620113336686 1.0 1905
1620113336716 0.0 1906
1620113336756 1.0 1907
1620113336878 1.0 1908
1620113336982 0.0 1909
1620113337000 1.0 1910
1620113337041 1.0 1911
1620113337051 0.0 1912
1620113337122 1.0 1913
1620113338627 0.0 1914
1620113338678 1.0 1915
1620113338789 1.0 1916
1620113338839 1.0 1917
1620113338932 1.0 1918
1620113339022 1.0 1919
1620113339104 1.0 1920
1620113339135 1.0 1921
1620113339204 1.0 1922
1620113339258 1.0 1923
1620113339421 1.0 1924
1620113339532 1.0 1925
1620113339566 0.0 1926
1620113339666 0.0 1927
1620113339716 1.0 1928
1620113339767 1.0 1929
1620113339889 0.0 1930
1620113339989 1.0 1931
1620113340052 1.0 1932
1620113340090 1.0 1933
1620113341703 1.0 1934
1620113341805 1.0 1935
1620113342487 1.0 1936
1620113342588 1.0 1937
1620113342730 0.0 1938
1620113342811 1.0 1939
1620113342892 1.0 1940
1620113342964 1.0 1941
1620113343012 1.0 1942
1620113343076 1.0 1943
1620113343134 0.0 1944
1620113343277 0.0 1945
1620113343289 0.0 1946
1620113343391 0.0 1947
1620113343432 0.0 1948
1620113343499 1.0 1949
1620113343571 1.0 1950
1620113343647 1.0 1951
1620113343693 1.0 1952
1620113343734 1.0 1953
1620113343765 1.0 1954
1620113343799 1.0 1955
1620113343834 1.0 1956
1620113343856 1.0 1957
1620113345447 1.0 1958
1620113345517 1.0 1959
1620113345679 0.0 1960
1620113345719 0.0 1961
1620113345758 1.0 1962
1620113345801 1.0 1963
1620113345859 1.0 1964
1620113345892 1.0 1965
1620113345941 0.0 1966
1620113345963 0.0 1967
1620113346032 1.0 1968
1620113346106 1.0 1969
1620113346134 1.0 1970
1620113346177 1.0 1971
1620113346268 0.0 1972
1620113346337 1.0 1973
1620113346411 0.0 1974
1620113346449 1.0 1975
1620113346480 1.0 1976
1620113346492 0.0 1977
1620113346553 1.0 1978
1620113346655 1.0 1979
1620113346716 1.0 1980
1620113346787 0.0 1981
1620113346866 0.0 1982
1620113348338 1.0 1983
1620113348398 0.0 1984
1620113348439 1.0 1985
1620113348539 1.0 1986
1620113348600 0.0 1987
1620113348631 1.0 1988
1620113348773 1.0 1989
1620113348803 1.0 1990
1620113348844 1.0 1991
1620113348875 0.0 1992
1620113348913 1.0 1993
1620113348936 1.0 1994
1620113348976 1.0 1995
1620113349089 1.0 1996
1620113349253 1.0 1997
1620113349334 1.0 1998
1620113349385 1.0 1999
1620113349423 1.0 2000
1620113349499 1.0 2001
1620113349564 1.0 2002
1620113349658 0.0 2003
1620113349719 0.0 2004
1620113349759 1.0 2005
1620113349840 1.0 2006
1620113349891 1.0 2007
1620113349931 1.0 2008
1620113349951 0.0 2009
1620113351559 1.0 2010
1620113351620 1.0 2011
1620113351652 1.0 2012
1620113351771 0.0 2013
1620113351903 0.0 2014
1620113351956 1.0 2015
1620113351999 1.0 2016
1620113352139 0.0 2017
1620113352182 1.0 2018
1620113352238 0.0 2019
1620113352350 1.0 2020
1620113352399 0.0 2021
1620113352471 1.0 2022
1620113352555 0.0 2023
1620113352595 1.0 2024
1620113352666 0.0 2025
1620113352687 0.0 2026
1620113352718 1.0 2027
1620113352749 0.0 2028
1620113352817 0.0 2029
1620113352866 0.0 2030
1620113352891 0.0 2031
1620113352960 0.0 2032
1620113353012 0.0 2033
1620113353073 0.0 2034
1620113353083 0.0 2035
1620113353114 1.0 2036
1620113353142 0.0 2037
1620113354661 1.0 2038
1620113354704 1.0 2039
1620113354765 1.0 2040
1620113354915 0.0 2041
1620113354932 0.0 2042
1620113355015 1.0 2043
1620113355096 1.0 2044
1620113355157 1.0 2045
1620113355206 1.0 2046
1620113355299 1.0 2047
1620113355391 1.0 2048
1620113355545 1.0 2049
1620113355616 0.0 2050
1620113355667 1.0 2051
1620113355707 0.0 2052
1620113355809 1.0 2053
1620113355882 1.0 2054
1620113355993 1.0 2055
1620113356023 0.0 2056
1620113356074 1.0 2057
1620113356235 1.0 2058
